

2018 3 31 16 0

2018 3 31 17 0

2018 3 31 18 0

2018 3 31 19 0

2018 3 31 20 0

2018 3 31 21 0

2018 3 31 22 0

2018 3 31 23 0

2018 4 1 0 0

2018 4 1 1 0

2018 4 1 2 0

2018 4 1 3 0

2018 4 1 4 0

2018 4 1 5 0

2018 4 1 6 0

2018 4 1 7 0

2018 4 1 8 0

2018 4 1 9 0

2018 4 1 10 0

2018 4 1 11 0

2018 4 1 12 0

2018 4 1 13 0

2018 4 1 14 0

2018 4 1 15 0

2018 4 1 16 0

2018 4 1 17 0

2018 4 1 18 0

2018 4 1 20 0

2018 4 1 21 0

2018 4 1 22 0

2018 4 1 23 0

2018 4 2 0 0

2018 4 2 1 0

2018 4 2 2 0

2018 4 2 3 0

2018 4 2 4 0

2018 4 2 10 0

2018 4 2 15 0

2018 4 2 16 0

2018 4 3 2 0

2018 4 3 3 0

2018 4 3 4 0

2018 4 3 5 0

2018 4 3 6 0

2018 4 3 7 0

2018 4 3 8 0

2018 4 3 9 0

2018 4 3 10 0

2018 4 3 11 0

2018 4 3 12 0

2018 4 3 13 0

2018 4 3 14 0

2018 4 3 15 0

2018 4 3 16 0

2018 4 3 17 0

2018 4 3 18 0

2018 4 3 19 0

2018 4 3 20 0

2018 4 3 21 0

2018 4 3 22 0

2018 4 3 23 0

2018 4 4 0 0

2018 4 4 1 0

2018 4 4 2 0

2018 4 4 3 0

2018 4 4 4 0

2018 4 4 5 0

2018 4 4 6 0

2018 4 4 7 0

2018 4 4 8 0

2018 4 4 9 0

2018 4 4 10 0

2018 4 4 11 0

2018 4 4 12 0

2018 4 4 13 0

2018 4 4 14 0

2018 4 4 15 0

2018 4 4 16 0

2018 4 4 17 0

2018 4 4 18 0

2018 4 4 19 0

2018 4 4 20 0

2018 4 4 21 0

2018 4 4 22 0

2018 4 4 23 0

2018 4 5 0 0

2018 4 5 1 0

2018 4 5 2 0

2018 4 5 3 0

2018 4 5 4 0

2018 4 5 5 0

2018 4 5 6 0

2018 4 5 7 0

2018 4 5 8 0

2018 4 5 9 0

2018 4 5 10 0

2018 4 5 11 0

2018 4 5 12 0

2018 4 5 13 0

2018 4 5 14 0

2018 4 5 15 0

2018 4 5 16 0

2018 4 5 17 0

2018 4 5 18 0

2018 4 5 19 0

2018 4 5 20 0

2018 4 5 21 0

2018 4 5 22 0

2018 4 5 23 0

2018 4 6 0 0

2018 4 6 1 0

2018 4 6 2 0

2018 4 6 3 0

2018 4 6 4 0

2018 4 6 5 0

2018 4 6 6 0

2018 4 6 7 0

2018 4 6 8 0

2018 4 6 9 0

2018 4 6 10 0

2018 4 6 11 0

2018 4 6 12 0

2018 4 6 13 0

2018 4 6 14 0

2018 4 6 15 0

2018 4 6 16 0

2018 4 6 17 0

2018 4 6 18 0

2018 4 6 19 0

2018 4 6 20 0

2018 4 6 21 0

2018 4 6 22 0

2018 4 6 23 0

2018 4 7 0 0

2018 4 7 1 0

2018 4 7 2 0

2018 4 7 3 0

2018 4 7 4 0

2018 4 7 5 0

2018 4 7 6 0

2018 4 7 7 0

2018 4 7 8 0

2018 4 7 9 0

2018 4 7 10 0

2018 4 7 11 0

2018 4 7 12 0

2018 4 7 13 0

2018 4 7 14 0

2018 4 7 15 0

2018 4 7 16 0

2018 4 7 17 0

2018 4 7 18 0

2018 4 7 19 0

2018 4 7 20 0

2018 4 7 21 0

2018 4 7 22 0

2018 4 7 23 0

2018 4 8 0 0

2018 4 8 1 0

2018 4 8 2 0

2018 4 8 3 0

2018 4 8 4 0

2018 4 8 5 0

2018 4 8 6 0

2018 4 8 7 0

2018 4 8 8 0

2018 4 8 9 0

2018 4 8 10 0

2018 4 8 11 0

2018 4 8 12 0

2018 4 8 13 0

2018 4 8 14 0

2018 4 8 15 0

2018 4 8 16 0

2018 4 8 17 0

2018 4 8 18 0

2018 4 8 19 0

2018 4 8 20 0

2018 4 8 21 0

2018 4 8 22 0

2018 4 8 23 0

2018 4 9 0 0

2018 4 9 1 0

2018 4 9 2 0

2018 4 9 3 0

2018 4 9 4 0

2018 4 9 5 0

2018 4 9 6 0

2018 4 9 7 0

2018 4 9 8 0

2018 4 9 9 0

2018 4 9 10 0

2018 4 9 11 0

2018 4 9 12 0

2018 4 9 13 0

2018 4 9 14 0

2018 4 9 15 0

2018 4 9 16 0

2018 4 9 17 0

2018 4 9 18 0

2018 4 9 19 0

2018 4 9 20 0

2018 4 9 21 0

2018 4 9 22 0

2018 4 9 23 0

2018 4 10 0 0

2018 4 10 1 0

2018 4 10 2 0

2018 4 10 3 0

2018 4 10 4 0

2018 4 10 5 0

2018 4 10 6 0

2018 4 10 7 0

2018 4 10 8 0

2018 4 10 9 0

2018 4 10 10 0

2018 4 10 11 0

2018 4 10 12 0

2018 4 10 13 0

2018 4 10 14 0

2018 4 10 15 0

2018 4 10 16 0

2018 4 10 17 0

2018 4 10 18 0

2018 4 10 19 0

2018 4 10 20 0

2018 4 10 21 0

2018 4 10 22 0

2018 4 10 23 0

2018 4 11 0 0

2018 4 11 1 0

2018 4 11 2 0

2018 4 11 3 0

2018 4 11 4 0

2018 4 11 5 0

2018 4 11 6 0

2018 4 11 7 0

2018 4 11 8 0

2018 4 11 9 0

2018 4 11 10 0

2018 4 11 11 0

2018 4 11 12 0

2018 4 11 13 0

2018 4 11 14 0

2018 4 11 15 0

2018 4 11 16 0

2018 4 11 17 0

2018 4 11 18 0

2018 4 11 19 0

2018 4 11 20 0

2018 4 11 21 0

2018 4 11 22 0

2018 4 11 23 0

2018 4 12 0 0

2018 4 12 1 0

2018 4 12 2 0

2018 4 12 3 0.1

2018 4 12 4 0.7

2018 4 12 5 1

2018 4 12 6 0.3

2018 4 12 7 0.6

2018 4 12 8 0.7

2018 4 12 9 0.1

2018 4 12 10 0

2018 4 12 11 0

2018 4 12 12 0

2018 4 12 13 0

2018 4 12 14 0

2018 4 12 15 0.1

2018 4 12 16 0

2018 4 12 17 0

2018 4 12 18 0

2018 4 12 19 0

2018 4 12 20 0.1

2018 4 12 21 0.1

2018 4 12 22 0

2018 4 12 23 0.3

2018 4 13 0 0.7

2018 4 13 1 0.2

2018 4 13 2 0

2018 4 13 3 0.2

2018 4 13 4 0

2018 4 13 5 0.3

2018 4 13 6 0.6

2018 4 13 7 0.6

2018 4 13 8 0.3

2018 4 13 9 0.1

2018 4 13 10 0.2

2018 4 13 11 0.1

2018 4 13 12 0

2018 4 13 13 0

2018 4 13 14 0

2018 4 13 15 0

2018 4 13 16 0

2018 4 13 17 0

2018 4 13 18 0

2018 4 13 19 0

2018 4 13 20 0

2018 4 13 21 0

2018 4 13 22 0

2018 4 13 23 0

2018 4 14 0 0

2018 4 14 1 0.1

2018 4 14 2 0

2018 4 14 3 0

2018 4 14 4 0

2018 4 14 5 0

2018 4 14 6 0

2018 4 14 7 0

2018 4 14 8 0

2018 4 14 9 0

2018 4 14 10 0

2018 4 14 11 0

2018 4 14 12 0

2018 4 14 13 0

2018 4 14 14 0

2018 4 14 15 0

2018 4 14 16 0

2018 4 14 17 0

2018 4 14 18 0

2018 4 14 19 0

2018 4 14 20 0

2018 4 14 21 0

2018 4 14 22 0

2018 4 14 23 0

2018 4 15 0 0

2018 4 15 1 0

2018 4 15 2 0

2018 4 15 3 0

2018 4 15 4 0

2018 4 15 5 0

2018 4 15 6 0

2018 4 15 7 0

2018 4 15 8 0

2018 4 15 9 0

2018 4 15 10 0

2018 4 15 11 0

2018 4 15 12 0

2018 4 15 13 0

2018 4 15 14 0

2018 4 15 15 0

2018 4 15 16 0

2018 4 15 17 0

2018 4 15 18 0

2018 4 15 19 0

2018 4 15 20 0

2018 4 15 21 0

2018 4 15 22 0

2018 4 15 23 0

2018 4 16 0 0

2018 4 16 1 0

2018 4 16 2 0

2018 4 16 3 0

2018 4 16 4 0

2018 4 16 5 0

2018 4 16 6 0

2018 4 16 7 0

2018 4 16 8 0

2018 4 16 9 0

2018 4 16 10 0

2018 4 16 11 0

2018 4 16 12 0

2018 4 16 13 0

2018 4 16 14 0

2018 4 16 15 0

2018 4 16 16 0

2018 4 16 17 0

2018 4 16 18 0

2018 4 16 19 0

2018 4 16 20 0

2018 4 16 21 0

2018 4 16 22 0

2018 4 16 23 0

2018 4 17 0 0

2018 4 17 1 0

2018 4 17 2 0

2018 4 17 3 0

2018 4 17 4 0

2018 4 17 5 0

2018 4 17 6 0

2018 4 17 7 0

2018 4 17 8 0

2018 4 17 9 0

2018 4 17 10 0

2018 4 17 11 0

2018 4 17 12 0

2018 4 17 13 0

2018 4 17 14 0

2018 4 17 15 0

2018 4 17 16 0

2018 4 17 17 0

2018 4 17 18 0

2018 4 17 19 0

2018 4 17 20 0

2018 4 17 21 0

2018 4 17 22 0

2018 4 17 23 0

2018 4 18 0 0

2018 4 18 1 0

2018 4 18 2 0

2018 4 18 3 0

2018 4 18 4 0

2018 4 18 5 0

2018 4 18 6 0

2018 4 18 7 0

2018 4 18 8 0

2018 4 18 9 0

2018 4 18 10 0

2018 4 18 11 0

2018 4 18 12 0

2018 4 18 13 0

2018 4 18 14 0

2018 4 18 15 0

2018 4 18 16 0

2018 4 18 17 0

2018 4 18 18 0

2018 4 18 19 0

2018 4 18 20 0

2018 4 18 21 0

2018 4 18 22 0

2018 4 18 23 0

2018 4 19 0 0

2018 4 19 1 0

2018 4 19 2 0

2018 4 19 3 0

2018 4 19 4 0

2018 4 19 5 0

2018 4 19 6 0

2018 4 19 7 0

2018 4 19 8 0

2018 4 19 9 0

2018 4 19 10 1.6

2018 4 19 11 4

2018 4 19 12 0

2018 4 19 13 0

2018 4 19 14 0

2018 4 19 15 0

2018 4 19 16 0

2018 4 19 17 0

2018 4 19 18 0

2018 4 19 19 0

2018 4 19 20 0

2018 4 19 21 0

2018 4 19 22 0

2018 4 19 23 0

2018 4 20 0 0

2018 4 20 1 0

2018 4 20 2 0

2018 4 20 3 0

2018 4 20 4 0

2018 4 20 5 0

2018 4 20 6 0

2018 4 20 7 0

2018 4 20 8 0

2018 4 20 9 0

2018 4 20 10 0

2018 4 20 11 0

2018 4 20 12 0

2018 4 20 13 0

2018 4 20 14 0

2018 4 20 15 0

2018 4 20 16 0

2018 4 20 17 0

2018 4 20 18 0

2018 4 20 19 0

2018 4 20 20 0

2018 4 20 21 0.5

2018 4 20 22 0.5

2018 4 20 23 0.1

2018 4 21 0 0

2018 4 21 1 0

2018 4 21 2 0

2018 4 21 3 0

2018 4 21 4 0

2018 4 21 5 0

2018 4 21 6 0

2018 4 21 7 0

2018 4 21 8 0

2018 4 21 9 0

2018 4 21 10 0

2018 4 21 11 0

2018 4 21 12 0

2018 4 21 13 0

2018 4 21 14 0

2018 4 21 15 0

2018 4 21 16 0

2018 4 21 17 0

2018 4 21 18 0

2018 4 21 19 0

2018 4 21 20 0

2018 4 21 21 0

2018 4 21 22 0

2018 4 21 23 0

2018 4 22 0 0

2018 4 22 1 0

2018 4 22 2 0

2018 4 22 3 0

2018 4 22 4 0

2018 4 22 5 0

2018 4 22 6 0

2018 4 22 7 0

2018 4 22 8 0

2018 4 22 9 0

2018 4 22 10 0

2018 4 22 11 0

2018 4 22 12 0

2018 4 22 13 0

2018 4 22 14 0

2018 4 22 15 0

2018 4 22 16 0

2018 4 22 17 0

2018 4 22 18 0

2018 4 22 19 0

2018 4 22 20 0

2018 4 22 21 0

2018 4 22 22 0

2018 4 22 23 0

2018 4 23 0 0

2018 4 23 1 0

2018 4 23 2 0

2018 4 23 3 0.4

2018 4 23 4 0.1

2018 4 23 5 0.1

2018 4 23 6 0.4

2018 4 23 7 0.1

2018 4 23 8 0.1

2018 4 23 9 0

2018 4 23 10 0.1

2018 4 23 11 0

2018 4 23 12 0.1

2018 4 23 13 0.4

2018 4 23 14 0.2

2018 4 23 15 0

2018 4 23 16 0

2018 4 23 17 0

2018 4 23 18 0

2018 4 23 19 0

2018 4 23 20 0

2018 4 23 21 0

2018 4 23 22 0

2018 4 23 23 0

2018 4 24 0 0

2018 4 24 1 0

2018 4 24 2 0

2018 4 24 3 0

2018 4 24 4 0

2018 4 24 5 0

2018 4 24 6 0

2018 4 24 7 0

2018 4 24 8 0

2018 4 24 9 0

2018 4 24 10 0

2018 4 24 11 0

2018 4 24 12 0

2018 4 24 13 0

2018 4 24 14 0

2018 4 24 15 0

2018 4 24 16 0

2018 4 24 17 0

2018 4 24 18 0.1

2018 4 24 19 0.2

2018 4 24 20 0

2018 4 24 21 0

2018 4 24 22 0.2

2018 4 24 23 3.2

2018 4 25 0 1.4

2018 4 25 1 2.4

2018 4 25 2 1.2

2018 4 25 3 1.5

2018 4 25 4 0.1

2018 4 25 5 0

2018 4 25 6 0

2018 4 25 7 0

2018 4 25 8 0

2018 4 25 9 0

2018 4 25 10 0

2018 4 25 11 0

2018 4 25 12 0

2018 4 25 13 0

2018 4 25 14 0.2

2018 4 25 15 2.2

2018 4 25 16 0.2

2018 4 25 17 0

2018 4 25 18 0

2018 4 25 19 0

2018 4 25 20 0

2018 4 25 21 0

2018 4 25 22 0

2018 4 25 23 0

2018 4 26 0 0

2018 4 26 1 0

2018 4 26 2 0

2018 4 26 3 0

2018 4 26 4 0

2018 4 26 5 0

2018 4 26 6 0

2018 4 26 7 0

2018 4 26 8 0

2018 4 26 9 0

2018 4 26 10 0

2018 4 26 11 0

2018 4 26 12 0

2018 4 26 13 0

2018 4 26 14 0

2018 4 26 15 0

2018 4 26 16 0

2018 4 26 17 0

2018 4 26 18 0

2018 4 26 19 0

2018 4 26 20 0

2018 4 26 21 0

2018 4 26 22 0

2018 4 26 23 0

2018 4 27 0 0

2018 4 27 1 0

2018 4 27 2 0

2018 4 27 3 0

2018 4 27 4 0

2018 4 27 5 0

2018 4 27 6 0

2018 4 27 7 0

2018 4 27 8 0

2018 4 27 9 0

2018 4 27 10 0

2018 4 27 11 0

2018 4 27 12 0

2018 4 27 13 0

2018 4 27 14 0

2018 4 27 15 0

2018 4 27 16 0

2018 4 27 17 0

2018 4 27 18 0

2018 4 27 19 0

2018 4 27 20 0

2018 4 27 21 0

2018 4 27 22 0

2018 4 27 23 0

2018 4 28 0 0

2018 4 28 1 0

2018 4 28 2 0

2018 4 28 3 0

2018 4 28 4 0

2018 4 28 5 0

2018 4 28 6 0

2018 4 28 7 0

2018 4 28 8 0

2018 4 28 9 0

2018 4 28 10 0

2018 4 28 11 0

2018 4 28 12 0

2018 4 28 13 0

2018 4 28 14 0

2018 4 28 15 0

2018 4 28 16 0

2018 4 28 17 0

2018 4 28 18 0

2018 4 28 19 0

2018 4 28 20 0

2018 4 28 21 0

2018 4 28 22 0

2018 4 28 23 0

2018 4 29 0 0

2018 4 29 1 0

2018 4 29 2 0

2018 4 29 3 0

2018 4 29 4 0

2018 4 29 5 0

2018 4 29 6 0

2018 4 29 7 0

2018 4 29 8 0

2018 4 29 9 0

2018 4 29 10 0

2018 4 29 11 0

2018 4 29 12 0

2018 4 29 13 0

2018 4 29 14 0

2018 4 29 15 0.1

2018 4 29 16 0.7

2018 4 29 17 1.9

2018 4 29 18 0.7

2018 4 29 19 0.4

2018 4 29 20 0

2018 4 29 21 0

2018 4 29 22 0

2018 4 29 23 0

2018 4 30 0 0

2018 4 30 1 0

2018 4 30 2 0

2018 4 30 3 0

2018 4 30 4 0

2018 4 30 5 0

2018 4 30 6 0

2018 4 30 7 0

2018 4 30 8 0

2018 4 30 9 0.2

2018 4 30 10 0

2018 4 30 11 0

2018 4 30 12 0

2018 4 30 13 0

2018 4 30 14 0

2018 4 30 15 0

2018 4 30 16 0

2018 4 30 17 0

2018 4 30 18 0

2018 4 30 19 0

2018 4 30 20 0

2018 4 30 21 0

2018 4 30 22 0

2018 4 30 23 0

2018 5 1 0 0

2018 5 1 1 0

2018 5 1 2 0

2018 5 1 3 0

2018 5 1 4 0

2018 5 1 5 0

2018 5 1 6 0

2018 5 1 7 0

2018 5 1 8 0

2018 5 1 9 0

2018 5 1 10 0

2018 5 1 11 0

2018 5 1 12 0

2018 5 1 13 0

2018 5 1 14 0

2018 5 1 15 0

2018 5 1 16 0

2018 5 1 17 0

2018 5 1 18 0

2018 5 1 19 0

2018 5 1 20 0

2018 5 1 21 0

2018 5 1 22 0

2018 5 1 23 0

2018 5 2 0 0

2018 5 2 1 0

2018 5 2 2 0

2018 5 2 3 0

2018 5 2 4 0

2018 5 2 5 0

2018 5 2 6 0

2018 5 2 7 0

2018 5 2 8 0

2018 5 2 9 0

2018 5 2 10 0

2018 5 2 11 0

2018 5 2 12 0

2018 5 2 13 0

2018 5 2 14 0

2018 5 2 15 0

2018 5 2 16 0

2018 5 2 17 0

2018 5 2 18 0

2018 5 2 19 0

2018 5 2 20 0

2018 5 2 21 0

2018 5 2 22 0

2018 5 2 23 0

2018 5 3 0 0

2018 5 3 1 0

2018 5 3 2 0

2018 5 3 3 0

2018 5 3 4 0

2018 5 3 5 0

2018 5 3 6 0

2018 5 3 7 0

2018 5 3 8 0

2018 5 3 9 0

2018 5 3 10 0

2018 5 3 11 0

2018 5 3 12 0

2018 5 3 13 0

2018 5 3 14 0

2018 5 3 15 0

2018 5 3 16 0

2018 5 3 17 0

2018 5 3 18 0

2018 5 3 19 0

2018 5 3 20 0

2018 5 3 21 0

2018 5 3 22 0

2018 5 3 23 0

2018 5 4 0 0

2018 5 4 1 0

2018 5 4 2 0

2018 5 4 3 0

2018 5 4 4 0

2018 5 4 5 0

2018 5 4 6 0

2018 5 4 7 0

2018 5 4 8 0

2018 5 4 9 0

2018 5 4 10 0

2018 5 4 11 0

2018 5 4 12 0

2018 5 4 13 0

2018 5 4 14 0

2018 5 4 15 0

2018 5 4 16 0

2018 5 4 17 0

2018 5 4 18 0

2018 5 4 19 0

2018 5 4 20 0

2018 5 4 21 0

2018 5 4 22 0

2018 5 4 23 0

2018 5 5 0 0

2018 5 5 1 0

2018 5 5 2 0

2018 5 5 3 0

2018 5 5 4 0

2018 5 5 5 0

2018 5 5 6 0

2018 5 5 7 0

2018 5 5 8 0

2018 5 5 9 0

2018 5 5 10 0

2018 5 5 11 0

2018 5 5 12 0

2018 5 5 13 0

2018 5 5 14 0

2018 5 5 15 0

2018 5 5 16 0

2018 5 5 17 0

2018 5 5 18 0

2018 5 5 19 0

2018 5 5 20 0

2018 5 5 21 0

2018 5 5 22 0

2018 5 5 23 0

2018 5 6 0 0

2018 5 6 1 0

2018 5 6 2 0

2018 5 6 3 0

2018 5 6 4 0

2018 5 6 5 0

2018 5 6 6 0

2018 5 6 7 0

2018 5 6 8 0

2018 5 6 9 0

2018 5 6 10 0

2018 5 6 11 0

2018 5 6 12 0

2018 5 6 13 0

2018 5 6 14 0

2018 5 6 15 0

2018 5 6 16 0

2018 5 6 17 0

2018 5 6 18 0

2018 5 6 19 0

2018 5 6 20 0

2018 5 6 21 0

2018 5 6 22 0

2018 5 6 23 0

2018 5 7 0 0

2018 5 7 1 0

2018 5 7 2 0

2018 5 7 3 0

2018 5 7 4 0

2018 5 7 5 0

2018 5 7 6 0

2018 5 7 7 0

2018 5 7 8 0

2018 5 7 9 0

2018 5 7 10 0

2018 5 7 11 0

2018 5 7 12 0

2018 5 7 13 0

2018 5 7 14 0

2018 5 7 15 0

2018 5 7 16 0

2018 5 7 17 0

2018 5 7 18 0

2018 5 7 19 0

2018 5 7 20 0

2018 5 7 21 0

2018 5 7 22 0

2018 5 7 23 0

2018 5 8 0 0

2018 5 8 1 0

2018 5 8 2 0

2018 5 8 3 0

2018 5 8 4 0

2018 5 8 5 0

2018 5 8 6 0

2018 5 8 7 0

2018 5 8 8 0

2018 5 8 9 0

2018 5 8 10 0

2018 5 8 11 0

2018 5 8 12 0

2018 5 8 13 0

2018 5 8 14 0

2018 5 8 15 0

2018 5 8 16 0

2018 5 8 17 0

2018 5 8 18 0

2018 5 8 19 0

2018 5 8 20 0

2018 5 8 21 0

2018 5 8 22 0

2018 5 8 23 0

2018 5 9 0 0

2018 5 9 1 0

2018 5 9 2 0

2018 5 9 3 0

2018 5 9 4 0

2018 5 9 5 0

2018 5 9 6 0

2018 5 9 7 0

2018 5 9 8 0

2018 5 9 9 0

2018 5 9 10 0

2018 5 9 11 0

2018 5 9 12 0

2018 5 9 13 0

2018 5 9 14 0

2018 5 9 15 0

2018 5 9 16 0.3

2018 5 9 17 0

2018 5 9 18 0.1

2018 5 9 19 0.3

2018 5 9 20 0.8

2018 5 9 21 1.1

2018 5 9 22 1.1

2018 5 9 23 1.6

2018 5 10 0 2.4

2018 5 10 1 1.5

2018 5 10 2 0.4

2018 5 10 3 0.2

2018 5 10 4 0

2018 5 10 5 0

2018 5 10 6 0

2018 5 10 7 0

2018 5 10 8 0

2018 5 10 9 0

2018 5 10 10 0

2018 5 10 11 0.1

2018 5 10 12 0

2018 5 10 13 0

2018 5 10 14 0

2018 5 10 15 0

2018 5 10 16 0

2018 5 10 17 0

2018 5 10 18 0

2018 5 10 19 0

2018 5 10 20 0

2018 5 10 21 0

2018 5 10 22 0

2018 5 10 23 0

2018 5 11 0 0

2018 5 11 1 0

2018 5 11 2 0

2018 5 11 3 0

2018 5 11 4 0

2018 5 11 5 0

2018 5 11 6 0

2018 5 11 7 0

2018 5 11 8 0

2018 5 11 9 0

2018 5 11 10 0

2018 5 11 11 0

2018 5 11 12 0

2018 5 11 13 0

2018 5 11 14 0

2018 5 11 15 0

2018 5 11 16 0

2018 5 11 17 0

2018 5 11 18 0

2018 5 11 19 0

2018 5 11 20 0

2018 5 11 21 0

2018 5 11 22 0

2018 5 11 23 0

2018 5 12 0 0

2018 5 12 1 0

2018 5 12 2 0

2018 5 12 3 0

2018 5 12 4 0

2018 5 12 5 0

2018 5 12 6 0

2018 5 12 7 0

2018 5 12 8 0

2018 5 12 9 0

2018 5 12 10 0

2018 5 12 11 0

2018 5 12 12 0

2018 5 12 13 0

2018 5 12 14 0

2018 5 12 15 0

2018 5 12 16 0

2018 5 12 17 0

2018 5 12 18 0

2018 5 12 19 0

2018 5 12 20 0

2018 5 12 21 0

2018 5 12 22 0

2018 5 12 23 0

2018 5 13 0 0

2018 5 13 1 0

2018 5 13 2 0

2018 5 13 3 0

2018 5 13 4 0

2018 5 13 5 0

2018 5 13 6 0

2018 5 13 7 0

2018 5 13 8 0

2018 5 13 9 0

2018 5 13 10 0

2018 5 13 11 0

2018 5 13 12 0

2018 5 13 13 0

2018 5 13 14 0

2018 5 13 15 0

2018 5 13 16 0

2018 5 13 17 0

2018 5 13 18 0

2018 5 13 19 0

2018 5 13 20 0

2018 5 13 21 0

2018 5 13 22 0

2018 5 13 23 0

2018 5 14 0 0

2018 5 14 1 0

2018 5 14 2 0

2018 5 14 3 0

2018 5 14 4 0

2018 5 14 5 0

2018 5 14 6 0

2018 5 14 7 0

2018 5 14 8 0

2018 5 14 9 0

2018 5 14 10 0

2018 5 14 11 0

2018 5 14 12 0

2018 5 14 13 0

2018 5 14 14 0

2018 5 14 15 0

2018 5 14 16 0

2018 5 14 17 0

2018 5 14 18 0

2018 5 14 19 0

2018 5 14 20 0

2018 5 14 21 0

2018 5 14 22 0

2018 5 14 23 0

2018 5 15 0 0

2018 5 15 1 0

2018 5 15 2 0

2018 5 15 3 0

2018 5 15 4 0

2018 5 15 5 0

2018 5 15 6 0

2018 5 15 7 0

2018 5 15 8 0

2018 5 15 9 0

2018 5 15 10 0

2018 5 15 11 0

2018 5 15 12 0

2018 5 15 13 0

2018 5 15 14 0

2018 5 15 15 0

2018 5 15 16 0

2018 5 15 17 0

2018 5 15 18 0

2018 5 15 19 0

2018 5 15 20 0

2018 5 15 21 0

2018 5 15 22 0

2018 5 15 23 0

2018 5 16 0 0

2018 5 16 1 0

2018 5 16 2 0

2018 5 16 3 0

2018 5 16 4 0

2018 5 16 5 0

2018 5 16 6 0

2018 5 16 7 0

2018 5 16 8 0

2018 5 16 9 0

2018 5 16 10 0

2018 5 16 11 0

2018 5 16 12 0

2018 5 16 13 0

2018 5 16 14 0

2018 5 16 15 0

2018 5 16 16 0

2018 5 16 17 0

2018 5 16 18 0

2018 5 16 19 0

2018 5 16 20 0

2018 5 16 21 0

2018 5 16 22 0

2018 5 16 23 0

2018 5 17 0 0

2018 5 17 1 0

2018 5 17 2 0

2018 5 17 3 0

2018 5 17 4 0

2018 5 17 5 0

2018 5 17 6 0

2018 5 17 7 0

2018 5 17 8 0

2018 5 17 9 0

2018 5 17 10 0

2018 5 17 11 0

2018 5 17 12 0

2018 5 17 13 0

2018 5 17 14 0

2018 5 17 15 0

2018 5 17 16 0

2018 5 17 17 0

2018 5 17 18 0

2018 5 17 19 0

2018 5 17 20 0

2018 5 17 21 0

2018 5 17 22 0

2018 5 17 23 0

2018 5 18 0 0

2018 5 18 1 0

2018 5 18 2 0

2018 5 18 3 0

2018 5 18 4 0

2018 5 18 5 0

2018 5 18 6 0

2018 5 18 7 0

2018 5 18 8 0

2018 5 18 9 0

2018 5 18 10 0

2018 5 18 11 0

2018 5 18 12 1.8

2018 5 18 13 3.5

2018 5 18 14 5.3

2018 5 18 15 2.3

2018 5 18 16 0.7

2018 5 18 17 0

2018 5 18 18 0

2018 5 18 19 0

2018 5 18 20 0

2018 5 18 21 0

2018 5 18 22 0

2018 5 18 23 0

2018 5 19 0 0

2018 5 19 1 0

2018 5 19 2 0

2018 5 19 3 0

2018 5 19 4 0

2018 5 19 5 0

2018 5 19 6 0

2018 5 19 7 0

2018 5 19 8 0

2018 5 19 9 0

2018 5 19 10 0

2018 5 19 11 0

2018 5 19 12 0

2018 5 19 13 0

2018 5 19 14 0

2018 5 19 15 0

2018 5 19 16 0

2018 5 19 17 0

2018 5 19 18 0

2018 5 19 19 0

2018 5 19 20 0

2018 5 19 21 0

2018 5 19 22 0

2018 5 19 23 0

2018 5 20 0 0

2018 5 20 1 0

2018 5 20 2 0

2018 5 20 3 0

2018 5 20 4 0

2018 5 20 5 0

2018 5 20 6 0

2018 5 20 7 0

2018 5 20 8 0

2018 5 20 9 0

2018 5 20 10 0

2018 5 20 11 0

2018 5 20 12 0

2018 5 20 13 0

2018 5 20 14 0

2018 5 20 15 0

2018 5 20 16 0

2018 5 20 17 0

2018 5 20 18 0

2018 5 20 19 0

2018 5 20 20 0

2018 5 20 21 0

2018 5 20 22 0

2018 5 20 23 0

2018 5 21 0 2.5

2018 5 21 1 2.5

2018 5 21 2 1.6

2018 5 21 3 1.1

2018 5 21 4 0

2018 5 21 5 0.1

2018 5 21 6 0

2018 5 21 7 0

2018 5 21 8 0

2018 5 21 9 0

2018 5 21 10 0.1

2018 5 21 11 0

2018 5 21 12 0

2018 5 21 13 0

2018 5 21 14 0

2018 5 21 15 0

2018 5 21 16 0

2018 5 21 17 0.5

2018 5 21 18 0.4

2018 5 21 19 0.2

2018 5 21 20 0

2018 5 21 21 0

2018 5 21 22 0

2018 5 21 23 0

2018 5 22 0 0

2018 5 22 1 0

2018 5 22 2 0

2018 5 22 3 0

2018 5 22 4 0

2018 5 22 5 0

2018 5 22 6 0

2018 5 22 7 0

2018 5 22 8 0

2018 5 22 9 0

2018 5 22 10 0

2018 5 22 11 0

2018 5 22 12 0

2018 5 22 13 0

2018 5 22 14 0

2018 5 22 15 0

2018 5 22 16 0

2018 5 22 17 0

2018 5 22 18 0

2018 5 22 19 0

2018 5 22 20 0

2018 5 22 21 0

2018 5 22 22 0

2018 5 22 23 0

2018 5 23 0 0

2018 5 23 1 0

2018 5 23 2 0

2018 5 23 3 0

2018 5 23 4 0

2018 5 23 5 0

2018 5 23 6 0

2018 5 23 7 0

2018 5 23 8 0

2018 5 23 9 0

2018 5 23 10 0

2018 5 23 11 0

2018 5 23 12 0

2018 5 23 13 0

2018 5 23 14 0

2018 5 23 15 0

2018 5 23 16 0

2018 5 23 17 0

2018 5 23 18 0

2018 5 23 19 0

2018 5 23 20 0

2018 5 23 21 0.1

2018 5 23 22 0

2018 5 23 23 0

2018 5 24 0 0

2018 5 24 1 0

2018 5 24 2 0

2018 5 24 3 0

2018 5 24 4 0

2018 5 24 5 0

2018 5 24 6 0

2018 5 24 7 0

2018 5 24 8 0

2018 5 24 9 0

2018 5 24 10 0

2018 5 24 11 0

2018 5 24 12 0

2018 5 24 13 0

2018 5 24 14 0

2018 5 24 15 0

2018 5 24 16 0

2018 5 24 17 0

2018 5 24 18 0.1

2018 5 24 19 0.6

2018 5 24 20 0

2018 5 24 21 0

2018 5 24 22 0

2018 5 24 23 0

2018 5 25 0 0

2018 5 25 1 0

2018 5 25 2 0

2018 5 25 3 0

2018 5 25 4 0

2018 5 25 5 0

2018 5 25 6 0

2018 5 25 7 0

2018 5 25 8 0

2018 5 25 9 0

2018 5 25 10 0.2

2018 5 25 11 0

2018 5 25 12 1.4

2018 5 25 13 1.2

2018 5 25 14 1.3

2018 5 25 15 0.2

2018 5 25 16 0.2

2018 5 25 17 2.2

2018 5 25 18 1.7

2018 5 25 19 0.1

2018 5 25 20 0

2018 5 25 21 0

2018 5 25 22 0

2018 5 25 23 0

2018 5 26 0 0

2018 5 26 1 0

2018 5 26 2 0

2018 5 26 3 0

2018 5 26 4 0

2018 5 26 5 0

2018 5 26 6 0

2018 5 26 7 0

2018 5 26 8 0

2018 5 26 9 0

2018 5 26 10 0

2018 5 26 11 0

2018 5 26 12 0

2018 5 26 13 0

2018 5 26 14 0

2018 5 26 15 0

2018 5 26 16 0

2018 5 26 17 0

2018 5 26 18 0

2018 5 26 19 0

2018 5 26 20 0

2018 5 26 21 0

2018 5 26 22 0

2018 5 26 23 0

2018 5 27 0 0

2018 5 27 1 0

2018 5 27 2 0

2018 5 27 3 0

2018 5 27 4 0

2018 5 27 5 0

2018 5 27 6 0

2018 5 27 7 0

2018 5 27 8 0

2018 5 27 9 0

2018 5 27 10 0

2018 5 27 11 0

2018 5 27 12 0

2018 5 27 13 0

2018 5 27 14 0

2018 5 27 15 0

2018 5 27 16 0

2018 5 27 17 0

2018 5 27 18 0

2018 5 27 19 0

2018 5 27 20 0

2018 5 27 21 0

2018 5 27 22 0

2018 5 27 23 0

2018 5 28 0 0

2018 5 28 1 0

2018 5 28 2 0

2018 5 28 3 0

2018 5 28 4 0

2018 5 28 5 0

2018 5 28 6 0

2018 5 28 7 0

2018 5 28 8 0

2018 5 28 9 0

2018 5 28 10 0

2018 5 28 11 0

2018 5 28 12 0

2018 5 28 13 0

2018 5 28 14 0

2018 5 28 15 0

2018 5 28 16 0

2018 5 28 17 0

2018 5 28 18 0

2018 5 28 19 0

2018 5 28 20 0

2018 5 28 21 0

2018 5 28 22 0

2018 5 28 23 0

2018 5 29 0 0

2018 5 29 1 0

2018 5 29 2 0

2018 5 29 3 0

2018 5 29 4 0

2018 5 29 5 0

2018 5 29 6 0

2018 5 29 7 0

2018 5 29 8 0

2018 5 29 9 0

2018 5 29 10 0

2018 5 29 11 0

2018 5 29 12 0

2018 5 29 13 0

2018 5 29 14 0

2018 5 29 15 0

2018 5 29 16 0

2018 5 29 17 0

2018 5 29 18 0

2018 5 29 19 0

2018 5 29 20 0

2018 5 29 21 0

2018 5 29 22 0

2018 5 29 23 0

2018 5 30 0 0

2018 5 30 1 0

2018 5 30 2 0

2018 5 30 3 0

2018 5 30 4 0

2018 5 30 5 0

2018 5 30 6 0

2018 5 30 7 0

2018 5 30 8 0

2018 5 30 9 0

2018 5 30 10 0

2018 5 30 11 0

2018 5 30 12 0

2018 5 30 13 0

2018 5 30 14 0

2018 5 30 15 0

2018 5 30 16 0

2018 5 30 17 0

2018 5 30 18 0

2018 5 30 19 0

2018 5 30 20 0

2018 5 30 21 0

2018 5 30 22 0

2018 5 30 23 0

2018 5 31 0 0

2018 5 31 1 0

2018 5 31 2 0

2018 5 31 3 0

2018 5 31 4 0

2018 5 31 5 0

2018 5 31 6 0

2018 5 31 7 0

2018 5 31 8 0

2018 5 31 9 0

2018 5 31 10 0

2018 5 31 11 0

2018 5 31 12 0

2018 5 31 13 0

2018 5 31 14 0

2018 5 31 15 0

2018 5 31 16 0

2018 5 31 17 0

2018 5 31 18 0

2018 5 31 19 0

2018 5 31 20 0

2018 5 31 21 0

2018 5 31 22 0

2018 5 31 23 0

2018 6 1 0 0

2018 6 1 1 0

2018 6 1 2 0

2018 6 1 3 0

2018 6 1 4 0

2018 6 1 5 0

2018 6 1 6 0.4

2018 6 1 7 0.1

2018 6 1 8 0

2018 6 1 9 0

2018 6 1 10 0

2018 6 1 11 0

2018 6 1 12 0

2018 6 1 13 0

2018 6 1 14 0

2018 6 1 15 0

2018 6 1 16 0

2018 6 1 17 0

2018 6 1 18 0

2018 6 1 19 0

2018 6 1 20 0

2018 6 1 21 0

2018 6 1 22 0

2018 6 1 23 0

2018 6 2 0 0

2018 6 2 1 0

2018 6 2 2 0

2018 6 2 3 0

2018 6 2 4 0

2018 6 2 5 0

2018 6 2 6 0

2018 6 2 7 0

2018 6 2 8 0

2018 6 2 9 0

2018 6 2 10 0

2018 6 2 11 0

2018 6 2 12 0

2018 6 2 13 0

2018 6 2 14 0

2018 6 2 15 0

2018 6 2 16 0

2018 6 2 17 0

2018 6 2 18 0

2018 6 2 19 0

2018 6 2 20 0

2018 6 2 21 0

2018 6 2 22 0.8

2018 6 2 23 0.8

2018 6 3 0 0.9

2018 6 3 1 1.1

2018 6 3 2 0.1

2018 6 3 3 0

2018 6 3 4 0

2018 6 3 5 0

2018 6 3 6 0

2018 6 3 7 0

2018 6 3 8 0

2018 6 3 9 0

2018 6 3 10 0

2018 6 3 11 0

2018 6 3 12 0

2018 6 3 13 0

2018 6 3 14 0

2018 6 3 15 0

2018 6 3 16 0

2018 6 3 17 0

2018 6 3 18 0

2018 6 3 19 0

2018 6 3 20 0

2018 6 3 21 0

2018 6 3 22 0

2018 6 3 23 0

2018 6 4 0 0

2018 6 4 1 0

2018 6 4 2 0

2018 6 4 3 0

2018 6 4 4 0

2018 6 4 5 0

2018 6 4 6 0

2018 6 4 7 0

2018 6 4 8 0

2018 6 4 9 0

2018 6 4 10 0

2018 6 4 11 0

2018 6 4 12 0

2018 6 4 13 0

2018 6 4 14 0

2018 6 4 15 0

2018 6 4 16 0

2018 6 4 17 0

2018 6 4 18 0

2018 6 4 19 0

2018 6 4 20 0

2018 6 4 21 0

2018 6 4 22 0

2018 6 4 23 0

2018 6 5 0 0

2018 6 5 1 0

2018 6 5 2 0

2018 6 5 3 0

2018 6 5 4 0

2018 6 5 5 0

2018 6 5 6 0

2018 6 5 7 0

2018 6 5 8 0

2018 6 5 9 0

2018 6 5 10 0

2018 6 5 11 0

2018 6 5 12 0

2018 6 5 13 0

2018 6 5 14 0

2018 6 5 15 0

2018 6 5 16 0

2018 6 5 17 0

2018 6 5 18 0

2018 6 5 19 0

2018 6 5 20 0

2018 6 5 21 0

2018 6 5 22 0

2018 6 5 23 0

2018 6 6 0 0

2018 6 6 1 0

2018 6 6 2 0

2018 6 6 3 0

2018 6 6 4 0

2018 6 6 5 0

2018 6 6 6 0

2018 6 6 7 0

2018 6 6 8 0

2018 6 6 9 0

2018 6 6 10 0

2018 6 6 11 0

2018 6 6 12 0

2018 6 6 13 0

2018 6 6 14 0

2018 6 6 15 0

2018 6 6 16 0

2018 6 6 17 0

2018 6 6 18 0

2018 6 6 19 0

2018 6 6 20 0

2018 6 6 21 0

2018 6 6 22 0

2018 6 6 23 0

2018 6 7 0 0

2018 6 7 1 0

2018 6 7 2 0

2018 6 7 3 0

2018 6 7 4 0

2018 6 7 5 0

2018 6 7 6 0

2018 6 7 7 0.2

2018 6 7 8 1.4

2018 6 7 9 1.3

2018 6 7 10 0.8

2018 6 7 11 0.3

2018 6 7 12 0.5

2018 6 7 13 0.2

2018 6 7 14 0.1

2018 6 7 15 0

2018 6 7 16 0

2018 6 7 17 0

2018 6 7 18 0

2018 6 7 19 0

2018 6 7 20 0

2018 6 7 21 0

2018 6 7 22 0

2018 6 7 23 0

2018 6 8 0 0

2018 6 8 1 0

2018 6 8 2 0

2018 6 8 3 0

2018 6 8 4 0

2018 6 8 5 0

2018 6 8 6 0

2018 6 8 7 0

2018 6 8 8 0

2018 6 8 9 0

2018 6 8 10 0

2018 6 8 11 0

2018 6 8 12 0

2018 6 8 13 0

2018 6 8 14 0

2018 6 8 15 0

2018 6 8 16 0

2018 6 8 17 0

2018 6 8 18 0

2018 6 8 19 0

2018 6 8 20 0

2018 6 8 21 0

2018 6 8 22 0

2018 6 8 23 0

2018 6 9 0 0

2018 6 9 1 0

2018 6 9 2 0

2018 6 9 3 0

2018 6 9 4 0

2018 6 9 5 0

2018 6 9 6 0

2018 6 9 7 0

2018 6 9 8 0

2018 6 9 9 0

2018 6 9 10 0

2018 6 9 11 0

2018 6 9 12 0

2018 6 9 13 0

2018 6 9 14 0

2018 6 9 15 0

2018 6 9 16 0

2018 6 9 17 0

2018 6 9 18 0

2018 6 9 19 0

2018 6 9 20 0

2018 6 9 21 0

2018 6 9 22 0

2018 6 9 23 0

2018 6 10 0 0

2018 6 10 1 0

2018 6 10 2 0

2018 6 10 3 0

2018 6 10 4 0

2018 6 10 5 0

2018 6 10 6 0

2018 6 10 7 0

2018 6 10 8 0

2018 6 10 9 0

2018 6 10 10 0

2018 6 10 11 0

2018 6 10 12 0

2018 6 10 13 0

2018 6 10 14 0

2018 6 10 15 0

2018 6 10 16 0

2018 6 10 17 0

2018 6 10 18 0

2018 6 10 19 0

2018 6 10 20 0

2018 6 10 21 0

2018 6 10 22 0

2018 6 10 23 0

2018 6 11 0 0

2018 6 11 1 0

2018 6 11 2 0

2018 6 11 3 0

2018 6 11 4 0

2018 6 11 5 0

2018 6 11 6 0

2018 6 11 7 0

2018 6 11 8 0

2018 6 11 9 0

2018 6 11 10 0

2018 6 11 11 0

2018 6 11 12 0

2018 6 11 13 0

2018 6 11 14 0

2018 6 11 15 0

2018 6 11 16 0

2018 6 11 17 0

2018 6 11 18 0

2018 6 11 19 0

2018 6 11 20 0

2018 6 11 21 0

2018 6 11 22 0

2018 6 11 23 0

2018 6 12 0 0

2018 6 12 1 0

2018 6 12 2 0

2018 6 12 3 0

2018 6 12 4 0

2018 6 12 5 0

2018 6 12 6 0

2018 6 12 7 0

2018 6 12 8 0

2018 6 12 9 0

2018 6 12 10 0

2018 6 12 11 0

2018 6 12 12 0

2018 6 12 13 0

2018 6 12 14 0

2018 6 12 15 0

2018 6 12 16 0

2018 6 12 17 0

2018 6 12 18 0

2018 6 12 19 0

2018 6 12 20 0

2018 6 12 21 0

2018 6 12 22 0

2018 6 12 23 0

2018 6 13 0 0

2018 6 13 1 0

2018 6 13 2 0

2018 6 13 3 0

2018 6 13 4 0

2018 6 13 5 0

2018 6 13 6 0

2018 6 13 7 0

2018 6 13 8 0

2018 6 13 9 0

2018 6 13 10 0

2018 6 13 11 0

2018 6 13 12 0

2018 6 13 13 0

2018 6 13 14 0

2018 6 13 15 0

2018 6 13 16 0

2018 6 13 17 0

2018 6 13 18 0

2018 6 13 19 0

2018 6 13 20 0

2018 6 13 21 0

2018 6 13 22 0

2018 6 13 23 0

2018 6 14 0 0

2018 6 14 1 0

2018 6 14 2 0

2018 6 14 3 0

2018 6 14 4 0

2018 6 14 5 0

2018 6 14 6 0

2018 6 14 7 0

2018 6 14 8 0

2018 6 14 9 0

2018 6 14 10 0

2018 6 14 11 0

2018 6 14 12 0

2018 6 14 13 0

2018 6 14 14 0

2018 6 14 15 0

2018 6 14 16 0

2018 6 14 17 0

2018 6 14 18 0

2018 6 14 19 0

2018 6 14 20 0

2018 6 14 21 0

2018 6 14 22 0

2018 6 14 23 0

2018 6 15 0 0

2018 6 15 1 0

2018 6 15 2 0

2018 6 15 3 0

2018 6 15 4 0

2018 6 15 5 0

2018 6 15 6 0

2018 6 15 7 0

2018 6 15 8 0

2018 6 15 9 0

2018 6 15 10 0

2018 6 15 11 0.7

2018 6 15 12 0

2018 6 15 13 0

2018 6 15 14 0

2018 6 15 15 0

2018 6 15 16 0

2018 6 15 17 0

2018 6 15 18 0

2018 6 15 19 0

2018 6 15 20 0

2018 6 15 21 0

2018 6 15 22 0

2018 6 15 23 0

2018 6 16 0 0

2018 6 16 1 0

2018 6 16 2 0

2018 6 16 3 0

2018 6 16 4 0

2018 6 16 5 0

2018 6 16 6 0

2018 6 16 7 0

2018 6 16 8 3.5

2018 6 16 9 0

2018 6 16 10 0

2018 6 16 11 0

2018 6 16 12 0

2018 6 16 13 0

2018 6 16 14 0

2018 6 16 15 0

2018 6 16 16 0

2018 6 16 17 0

2018 6 16 18 0

2018 6 16 19 0

2018 6 16 20 0

2018 6 16 21 0

2018 6 16 22 0

2018 6 16 23 0

2018 6 17 0 0

2018 6 17 1 0

2018 6 17 2 0

2018 6 17 3 0

2018 6 17 4 0

2018 6 17 5 0

2018 6 17 6 0

2018 6 17 7 0

2018 6 17 8 0

2018 6 17 9 0

2018 6 17 10 0

2018 6 17 11 0

2018 6 17 12 0

2018 6 17 13 0

2018 6 17 14 0

2018 6 17 15 0

2018 6 17 16 0

2018 6 17 17 0

2018 6 17 18 0

2018 6 17 19 0

2018 6 17 20 0

2018 6 17 21 0

2018 6 17 22 0

2018 6 17 23 0

2018 6 18 0 0

2018 6 18 1 0

2018 6 18 2 0

2018 6 18 3 0

2018 6 18 4 0.5

2018 6 18 5 1.6

2018 6 18 6 0.2

2018 6 18 7 0

2018 6 18 8 0

2018 6 18 9 0

2018 6 18 10 0

2018 6 18 11 0

2018 6 18 12 0

2018 6 18 13 0

2018 6 18 14 0

2018 6 18 15 0

2018 6 18 16 0

2018 6 18 17 0

2018 6 18 18 0

2018 6 18 19 0

2018 6 18 20 0

2018 6 18 21 0

2018 6 18 22 0

2018 6 18 23 0

2018 6 19 0 0

2018 6 19 1 0

2018 6 19 2 0

2018 6 19 3 0

2018 6 19 4 0

2018 6 19 5 0

2018 6 19 6 0

2018 6 19 7 0

2018 6 19 8 0

2018 6 19 9 0

2018 6 19 10 0

2018 6 19 11 0

2018 6 19 12 0

2018 6 19 13 0

2018 6 19 14 0

2018 6 19 15 0

2018 6 19 16 0

2018 6 19 17 0

2018 6 19 18 0

2018 6 19 19 0

2018 6 19 20 0

2018 6 19 21 0

2018 6 19 22 0

2018 6 19 23 0

2018 6 20 0 0

2018 6 20 1 0

2018 6 20 2 0

2018 6 20 3 0

2018 6 20 4 0

2018 6 20 5 0

2018 6 20 6 0

2018 6 20 7 0

2018 6 20 8 0

2018 6 20 9 0

2018 6 20 10 0

2018 6 20 11 0

2018 6 20 12 0

2018 6 20 13 0

2018 6 20 14 0

2018 6 20 15 0

2018 6 20 16 0

2018 6 20 17 0

2018 6 20 18 0

2018 6 20 19 0

2018 6 20 20 0

2018 6 20 21 0

2018 6 20 22 0

2018 6 20 23 0

2018 6 21 0 0

2018 6 21 1 0

2018 6 21 2 0

2018 6 21 3 0

2018 6 21 4 0

2018 6 21 5 0

2018 6 21 6 0

2018 6 21 7 0

2018 6 21 8 0

2018 6 21 9 0

2018 6 21 10 0

2018 6 21 11 0

2018 6 21 12 0

2018 6 21 13 0

2018 6 21 14 0

2018 6 21 15 0

2018 6 21 16 0

2018 6 21 17 0

2018 6 21 18 0

2018 6 21 19 0

2018 6 21 20 0

2018 6 21 21 0

2018 6 21 22 0

2018 6 21 23 0

2018 6 22 0 0

2018 6 22 1 0

2018 6 22 2 0

2018 6 22 3 0

2018 6 22 4 0

2018 6 22 5 0

2018 6 22 6 0

2018 6 22 7 0

2018 6 22 8 0

2018 6 22 9 0

2018 6 22 10 0

2018 6 22 11 0

2018 6 22 12 0

2018 6 22 13 0

2018 6 22 14 0

2018 6 22 15 0

2018 6 22 16 0

2018 6 22 17 0

2018 6 22 18 0

2018 6 22 19 0

2018 6 22 20 0

2018 6 22 21 0

2018 6 22 22 0

2018 6 22 23 0

2018 6 23 0 0

2018 6 23 1 0

2018 6 23 2 0

2018 6 23 3 0

2018 6 23 4 0

2018 6 23 5 0

2018 6 23 6 0

2018 6 23 7 0

2018 6 23 8 0

2018 6 23 9 0

2018 6 23 10 0

2018 6 23 11 0

2018 6 23 12 0

2018 6 23 13 0

2018 6 23 14 0

2018 6 23 15 0

2018 6 23 16 0

2018 6 23 17 0

2018 6 23 18 0

2018 6 23 19 0

2018 6 23 20 0

2018 6 23 21 0

2018 6 23 22 0

2018 6 23 23 0

2018 6 24 0 0

2018 6 24 1 0

2018 6 24 2 0

2018 6 24 3 0

2018 6 24 4 0

2018 6 24 5 0

2018 6 24 6 0

2018 6 24 7 0

2018 6 24 8 0

2018 6 24 9 0

2018 6 24 10 0

2018 6 24 11 0

2018 6 24 12 0

2018 6 24 13 0

2018 6 24 14 0

2018 6 24 15 0

2018 6 24 16 0

2018 6 24 17 0

2018 6 24 18 0

2018 6 24 19 0

2018 6 24 20 0

2018 6 24 21 0

2018 6 24 22 0

2018 6 24 23 0

2018 6 25 0 0

2018 6 25 1 0

2018 6 25 2 0

2018 6 25 3 0

2018 6 25 4 0

2018 6 25 5 0

2018 6 25 6 0

2018 6 25 7 0

2018 6 25 8 0

2018 6 25 9 0

2018 6 25 10 0

2018 6 25 11 0

2018 6 25 12 0

2018 6 25 13 0

2018 6 25 14 0

2018 6 25 15 0

2018 6 25 16 0

2018 6 25 17 0

2018 6 25 18 0

2018 6 25 19 0

2018 6 25 20 0

2018 6 25 21 0

2018 6 25 22 0

2018 6 25 23 0

2018 6 26 0 0

2018 6 26 1 0

2018 6 26 2 0

2018 6 26 3 0

2018 6 26 4 0

2018 6 26 5 0

2018 6 26 6 0

2018 6 26 7 0

2018 6 26 8 0

2018 6 26 9 0

2018 6 26 10 0

2018 6 26 11 0

2018 6 26 12 0

2018 6 26 13 0

2018 6 26 14 0

2018 6 26 15 0

2018 6 26 16 0

2018 6 26 17 0

2018 6 26 18 0

2018 6 26 19 0

2018 6 26 20 0

2018 6 26 21 0

2018 6 26 22 0

2018 6 26 23 0

2018 6 27 0 0

2018 6 27 1 0

2018 6 27 2 0

2018 6 27 3 0

2018 6 27 4 0

2018 6 27 5 0

2018 6 27 6 0

2018 6 27 7 0

2018 6 27 8 0

2018 6 27 9 0

2018 6 27 10 0

2018 6 27 11 0

2018 6 27 12 0

2018 6 27 13 0

2018 6 27 14 0

2018 6 27 15 0

2018 6 27 16 0

2018 6 27 17 0

2018 6 27 18 0

2018 6 27 19 0

2018 6 27 20 0

2018 6 27 21 0

2018 6 27 22 0

2018 6 27 23 0

2018 6 28 0 0

2018 6 28 1 0

2018 6 28 2 0

2018 6 28 3 0

2018 6 28 4 0

2018 6 28 5 0

2018 6 28 6 0

2018 6 28 7 0

2018 6 28 8 0

2018 6 28 9 0

2018 6 28 10 0

2018 6 28 11 0

2018 6 28 12 0

2018 6 28 13 0

2018 6 28 14 0

2018 6 28 15 0

2018 6 28 16 0

2018 6 28 17 0

2018 6 28 18 0

2018 6 28 19 0

2018 6 28 20 0

2018 6 28 21 0

2018 6 28 22 0

2018 6 28 23 0

2018 6 29 0 0

2018 6 29 1 0

2018 6 29 2 0

2018 6 29 3 0

2018 6 29 4 0

2018 6 29 5 0

2018 6 29 6 0

2018 6 29 7 0

2018 6 29 8 0

2018 6 29 9 0

2018 6 29 10 0

2018 6 29 11 0

2018 6 29 12 0

2018 6 29 13 0

2018 6 29 14 0

2018 6 29 15 0

2018 6 29 16 0

2018 6 29 17 0

2018 6 29 18 0

2018 6 29 19 0

2018 6 29 20 0

2018 6 29 21 0

2018 6 29 22 0

2018 6 29 23 0

2018 6 30 0 0

2018 6 30 1 0

2018 6 30 2 0

2018 6 30 3 0

2018 6 30 4 0

2018 6 30 5 0

2018 6 30 6 0

2018 6 30 7 0

2018 6 30 8 0

2018 6 30 9 0

2018 6 30 10 0

2018 6 30 11 0.9

2018 6 30 12 0

2018 6 30 13 0

2018 6 30 14 0

2018 6 30 15 0

2018 6 30 16 0

2018 6 30 17 0

2018 6 30 18 0

2018 6 30 19 0

2018 6 30 20 0

2018 6 30 21 0

2018 6 30 22 0

2018 6 30 23 0

2018 7 1 0 0

2018 7 1 1 1.3

2018 7 1 2 1.3

2018 7 1 3 4.7

2018 7 1 4 2.5

2018 7 1 5 3.8

2018 7 1 6 1.8

2018 7 1 7 4.8

2018 7 1 8 1.4

2018 7 1 9 0.8

2018 7 1 10 0.1

2018 7 1 11 0

2018 7 1 12 0

2018 7 1 13 0.4

2018 7 1 14 0

2018 7 1 15 0

2018 7 1 16 0

2018 7 1 17 0

2018 7 1 18 0

2018 7 1 19 0

2018 7 1 20 0

2018 7 1 21 0

2018 7 1 22 0

2018 7 1 23 0.2

2018 7 2 0 0.2

2018 7 2 1 0.1

2018 7 2 2 0.1

2018 7 2 3 0.1

2018 7 2 4 5.4

2018 7 2 5 2.6

2018 7 2 6 0.8

2018 7 2 7 0

2018 7 2 8 0

2018 7 2 9 0

2018 7 2 10 0

2018 7 2 11 0

2018 7 2 12 0

2018 7 2 13 0

2018 7 2 14 0

2018 7 2 15 0

2018 7 2 16 0

2018 7 2 17 0

2018 7 2 18 0

2018 7 2 19 0

2018 7 2 20 0

2018 7 2 21 0

2018 7 2 22 0

2018 7 2 23 0

2018 7 3 0 1.9

2018 7 3 1 2.2

2018 7 3 2 2.5

2018 7 3 3 3.8

2018 7 3 4 1.3

2018 7 3 5 1.3

2018 7 3 6 0.9

2018 7 3 7 1

2018 7 3 8 1.1

2018 7 3 9 0

2018 7 3 10 0

2018 7 3 11 0

2018 7 3 12 0

2018 7 3 13 0

2018 7 3 14 0

2018 7 3 15 0

2018 7 3 16 0

2018 7 3 17 0

2018 7 3 18 0

2018 7 3 19 0

2018 7 3 20 0

2018 7 3 21 0

2018 7 3 22 0

2018 7 3 23 0

2018 7 4 0 0

2018 7 4 1 0

2018 7 4 2 0

2018 7 4 3 0

2018 7 4 4 0

2018 7 4 5 0

2018 7 4 6 0

2018 7 4 7 0

2018 7 4 8 0

2018 7 4 9 0

2018 7 4 10 0

2018 7 4 11 0

2018 7 4 12 0

2018 7 4 13 0

2018 7 4 14 0

2018 7 4 15 0

2018 7 4 16 0

2018 7 4 17 0

2018 7 4 18 0

2018 7 4 19 0

2018 7 4 20 0

2018 7 4 21 0

2018 7 4 22 0

2018 7 4 23 0

2018 7 5 0 0

2018 7 5 1 0

2018 7 5 2 0

2018 7 5 3 0

2018 7 5 4 0

2018 7 5 5 0

2018 7 5 6 0

2018 7 5 7 0

2018 7 5 8 0

2018 7 5 9 0

2018 7 5 10 0

2018 7 5 11 0

2018 7 5 12 0

2018 7 5 13 0

2018 7 5 14 0

2018 7 5 15 0

2018 7 5 16 0

2018 7 5 17 0.1

2018 7 5 18 0

2018 7 5 19 0

2018 7 5 20 0

2018 7 5 21 0

2018 7 5 22 0

2018 7 5 23 0

2018 7 6 0 0

2018 7 6 1 0.4

2018 7 6 2 0.4

2018 7 6 3 0

2018 7 6 4 0.1

2018 7 6 5 0.3

2018 7 6 6 0.2

2018 7 6 7 0.1

2018 7 6 8 0

2018 7 6 9 0

2018 7 6 10 0

2018 7 6 11 0

2018 7 6 12 0

2018 7 6 13 0

2018 7 6 14 0

2018 7 6 15 0

2018 7 6 16 0

2018 7 6 17 0

2018 7 6 18 0

2018 7 6 19 0

2018 7 6 20 0

2018 7 6 21 0

2018 7 6 22 0

2018 7 6 23 0

2018 7 7 0 0

2018 7 7 1 0

2018 7 7 2 0.2

2018 7 7 3 0

2018 7 7 4 0

2018 7 7 5 0

2018 7 7 6 0

2018 7 7 7 0

2018 7 7 8 0

2018 7 7 9 0

2018 7 7 10 0

2018 7 7 11 0

2018 7 7 12 0

2018 7 7 13 0

2018 7 7 14 0

2018 7 7 15 0

2018 7 7 16 0

2018 7 7 17 0

2018 7 7 18 0

2018 7 7 19 0

2018 7 7 20 0

2018 7 7 21 0

2018 7 7 22 0

2018 7 7 23 0

2018 7 8 0 0

2018 7 8 1 0

2018 7 8 2 0

2018 7 8 3 0

2018 7 8 4 0

2018 7 8 5 0.1

2018 7 8 6 0.1

2018 7 8 7 0.3

2018 7 8 8 0.8

2018 7 8 9 0

2018 7 8 10 0

2018 7 8 11 0.3

2018 7 8 12 0

2018 7 8 13 0

2018 7 8 14 0

2018 7 8 15 0

2018 7 8 16 0

2018 7 8 17 0

2018 7 8 18 0

2018 7 8 19 0

2018 7 8 20 0

2018 7 8 21 0

2018 7 8 22 0

2018 7 8 23 0

2018 7 9 0 0

2018 7 9 1 0

2018 7 9 2 0

2018 7 9 3 0

2018 7 9 4 0

2018 7 9 5 0

2018 7 9 6 0

2018 7 9 7 0

2018 7 9 8 0

2018 7 9 9 0

2018 7 9 10 0

2018 7 9 11 0

2018 7 9 12 0

2018 7 9 13 0

2018 7 9 14 0

2018 7 9 15 0

2018 7 9 16 0

2018 7 9 17 0

2018 7 9 18 0

2018 7 9 19 0

2018 7 9 20 0

2018 7 9 21 0

2018 7 9 22 0.1

2018 7 9 23 1.3

2018 7 10 0 2.3

2018 7 10 1 0.5

2018 7 10 2 1.1

2018 7 10 3 0.9

2018 7 10 4 2.1

2018 7 10 5 0.5

2018 7 10 6 0

2018 7 10 7 0.3

2018 7 10 8 0.2

2018 7 10 9 0

2018 7 10 10 0

2018 7 10 11 0

2018 7 10 12 0

2018 7 10 13 0

2018 7 10 14 0

2018 7 10 15 0

2018 7 10 16 0

2018 7 10 17 0

2018 7 10 18 0

2018 7 10 19 0

2018 7 10 20 0

2018 7 10 21 0

2018 7 10 22 0

2018 7 10 23 0

2018 7 11 0 0

2018 7 11 1 0

2018 7 11 2 0

2018 7 11 3 0

2018 7 11 4 0

2018 7 11 5 0

2018 7 11 6 0

2018 7 11 7 0

2018 7 11 8 0

2018 7 11 9 0

2018 7 11 10 0

2018 7 11 11 0

2018 7 11 12 0

2018 7 11 13 0

2018 7 11 14 0

2018 7 11 15 0

2018 7 11 16 0

2018 7 11 17 0

2018 7 11 18 0

2018 7 11 19 0

2018 7 11 20 0

2018 7 11 21 0

2018 7 11 22 0

2018 7 11 23 0

2018 7 12 0 0

2018 7 12 1 0

2018 7 12 2 0

2018 7 12 3 0

2018 7 12 4 0

2018 7 12 5 0

2018 7 12 6 0

2018 7 12 7 0

2018 7 12 8 0

2018 7 12 9 0

2018 7 12 10 0

2018 7 12 11 0

2018 7 12 12 0

2018 7 12 13 0

2018 7 12 14 0

2018 7 12 15 0

2018 7 12 16 0

2018 7 12 17 0

2018 7 12 18 0

2018 7 12 19 0

2018 7 12 20 0

2018 7 12 21 0

2018 7 12 22 0

2018 7 12 23 0

2018 7 13 0 0

2018 7 13 1 0

2018 7 13 2 0

2018 7 13 3 0

2018 7 13 4 0

2018 7 13 5 0

2018 7 13 6 0

2018 7 13 7 0

2018 7 13 8 0

2018 7 13 9 0

2018 7 13 10 0

2018 7 13 11 0

2018 7 13 12 0

2018 7 13 13 0

2018 7 13 14 0

2018 7 13 15 0

2018 7 13 16 0

2018 7 13 17 0

2018 7 13 18 0

2018 7 13 19 0

2018 7 13 20 0

2018 7 13 21 0

2018 7 13 22 0

2018 7 13 23 0

2018 7 14 0 0

2018 7 14 1 0

2018 7 14 2 0

2018 7 14 3 0

2018 7 14 4 0

2018 7 14 5 0

2018 7 14 6 0

2018 7 14 7 0

2018 7 14 8 0

2018 7 14 9 0

2018 7 14 10 0

2018 7 14 11 0

2018 7 14 12 0

2018 7 14 13 0

2018 7 14 14 0

2018 7 14 15 0

2018 7 14 16 0.3

2018 7 14 17 1.7

2018 7 14 18 0

2018 7 14 19 0.3

2018 7 14 20 0.8

2018 7 14 21 1.7

2018 7 14 22 3.7

2018 7 14 23 2.3

2018 7 15 0 0.8

2018 7 15 1 1.3

2018 7 15 2 0.7

2018 7 15 3 0.4

2018 7 15 4 0

2018 7 15 5 0.1

2018 7 15 6 0

2018 7 15 7 0

2018 7 15 8 0

2018 7 15 9 0

2018 7 15 10 0

2018 7 15 11 0

2018 7 15 12 0

2018 7 15 13 0

2018 7 15 14 0

2018 7 15 15 0

2018 7 15 16 0

2018 7 15 17 0

2018 7 15 18 0

2018 7 15 19 0

2018 7 15 20 0

2018 7 15 21 0

2018 7 15 22 0

2018 7 15 23 0

2018 7 16 0 0

2018 7 16 1 0

2018 7 16 2 0

2018 7 16 3 0

2018 7 16 4 0

2018 7 16 5 0

2018 7 16 6 0

2018 7 16 7 0

2018 7 16 8 0

2018 7 16 9 0

2018 7 16 10 0

2018 7 16 11 0

2018 7 16 12 0

2018 7 16 13 0

2018 7 16 14 0

2018 7 16 15 0

2018 7 16 16 0

2018 7 16 17 0

2018 7 16 18 0

2018 7 16 19 0

2018 7 16 20 0

2018 7 16 21 0

2018 7 16 22 0

2018 7 16 23 0

2018 7 17 0 0

2018 7 17 1 0

2018 7 17 2 0

2018 7 17 3 0

2018 7 17 4 0

2018 7 17 5 0

2018 7 17 6 0

2018 7 17 7 0

2018 7 17 8 0

2018 7 17 9 0

2018 7 17 10 0

2018 7 17 11 0

2018 7 17 12 0

2018 7 17 13 0

2018 7 17 14 0

2018 7 17 15 0

2018 7 17 16 0

2018 7 17 17 0

2018 7 17 18 0

2018 7 17 19 0

2018 7 17 20 0

2018 7 17 21 0

2018 7 17 22 0

2018 7 17 23 0

2018 7 18 0 0

2018 7 18 1 0

2018 7 18 2 0

2018 7 18 3 0

2018 7 18 4 0

2018 7 18 5 0

2018 7 18 6 0

2018 7 18 7 0

2018 7 18 8 0

2018 7 18 9 0.3

2018 7 18 10 1.3

2018 7 18 11 1.7

2018 7 18 12 0

2018 7 18 13 0

2018 7 18 14 0.1

2018 7 18 15 0

2018 7 18 16 0

2018 7 18 17 0

2018 7 18 18 0

2018 7 18 19 0

2018 7 18 20 0

2018 7 18 21 0

2018 7 18 22 0

2018 7 18 23 0

2018 7 19 0 0

2018 7 19 1 0

2018 7 19 2 0

2018 7 19 3 0

2018 7 19 4 0

2018 7 19 5 0

2018 7 19 6 0

2018 7 19 7 0

2018 7 19 8 0

2018 7 19 9 0

2018 7 19 10 0

2018 7 19 11 0

2018 7 19 12 0

2018 7 19 13 0

2018 7 19 14 0

2018 7 19 15 0

2018 7 19 16 0

2018 7 19 17 0

2018 7 19 18 0

2018 7 19 19 0

2018 7 19 20 0

2018 7 19 21 0

2018 7 19 22 0

2018 7 19 23 0.2

2018 7 20 0 0.9

2018 7 20 1 2.4

2018 7 20 2 2.4

2018 7 20 3 9.8

2018 7 20 4 5.1

2018 7 20 5 1.7

2018 7 20 6 0.9

2018 7 20 7 0

2018 7 20 8 0

2018 7 20 9 0

2018 7 20 10 0

2018 7 20 11 0

2018 7 20 12 0

2018 7 20 13 0

2018 7 20 14 0

2018 7 20 15 0

2018 7 20 16 0

2018 7 20 17 0

2018 7 20 18 0

2018 7 20 19 0

2018 7 20 20 0

2018 7 20 21 0

2018 7 20 22 0

2018 7 20 23 0

2018 7 21 0 0

2018 7 21 1 0

2018 7 21 2 0

2018 7 21 3 0

2018 7 21 4 0

2018 7 21 5 0

2018 7 21 6 0

2018 7 21 7 0

2018 7 21 8 0

2018 7 21 9 0

2018 7 21 10 0

2018 7 21 11 0

2018 7 21 12 0

2018 7 21 13 0

2018 7 21 14 0

2018 7 21 15 0

2018 7 21 16 0

2018 7 21 17 0

2018 7 21 18 0

2018 7 21 19 0

2018 7 21 20 0

2018 7 21 21 0

2018 7 21 22 0

2018 7 21 23 0

2018 7 22 0 0

2018 7 22 1 0

2018 7 22 2 0

2018 7 22 3 0

2018 7 22 4 0

2018 7 22 5 0

2018 7 22 6 0

2018 7 22 7 0

2018 7 22 8 0

2018 7 22 9 0

2018 7 22 10 0

2018 7 22 11 0

2018 7 22 12 0

2018 7 22 13 0

2018 7 22 14 0

2018 7 22 15 0

2018 7 22 16 0.2

2018 7 22 17 8

2018 7 22 18 6.1

2018 7 22 19 4.9

2018 7 22 20 2.8

2018 7 22 21 4

2018 7 22 22 1.2

2018 7 22 23 0.4

2018 7 23 0 0.7

2018 7 23 1 0.9

2018 7 23 2 0.6

2018 7 23 3 0

2018 7 23 4 0.2

2018 7 23 5 0.4

2018 7 23 6 0.1

2018 7 23 7 0.4

2018 7 23 8 0.5

2018 7 23 9 0.4

2018 7 23 10 0

2018 7 23 11 0

2018 7 23 12 0

2018 7 23 13 0

2018 7 23 14 0

2018 7 23 15 0

2018 7 23 16 0

2018 7 23 17 0

2018 7 23 18 0

2018 7 23 19 0

2018 7 23 20 0

2018 7 23 21 0

2018 7 23 22 0

2018 7 23 23 0

2018 7 24 0 0

2018 7 24 1 0

2018 7 24 2 0

2018 7 24 3 0

2018 7 24 4 0

2018 7 24 5 0

2018 7 24 6 0

2018 7 24 7 0

2018 7 24 8 0

2018 7 24 9 0

2018 7 24 10 0

2018 7 24 11 0

2018 7 24 12 1.3

2018 7 24 13 1.9

2018 7 24 14 0

2018 7 24 15 0

2018 7 24 16 0

2018 7 24 17 0

2018 7 24 18 0

2018 7 24 19 0

2018 7 24 20 0

2018 7 24 21 0

2018 7 24 22 0

2018 7 24 23 0

2018 7 25 0 0

2018 7 25 1 0

2018 7 25 2 0

2018 7 25 3 0

2018 7 25 4 0

2018 7 25 5 0

2018 7 25 6 0

2018 7 25 7 0

2018 7 25 8 0

2018 7 25 9 0

2018 7 25 10 0

2018 7 25 11 0

2018 7 25 12 0

2018 7 25 13 0

2018 7 25 14 0

2018 7 25 15 0

2018 7 25 16 0

2018 7 25 17 0

2018 7 25 18 0

2018 7 25 19 0

2018 7 25 20 0

2018 7 25 21 0

2018 7 25 22 0

2018 7 25 23 0

2018 7 26 0 0

2018 7 26 1 0

2018 7 26 2 0

2018 7 26 3 0

2018 7 26 4 0

2018 7 26 5 0

2018 7 26 6 0

2018 7 26 7 0

2018 7 26 8 0

2018 7 26 9 0

2018 7 26 10 0

2018 7 26 11 0

2018 7 26 12 0

2018 7 26 13 0

2018 7 26 14 0

2018 7 26 15 0

2018 7 26 16 0

2018 7 26 17 0

2018 7 26 18 0

2018 7 26 19 0

2018 7 26 20 0

2018 7 26 21 0

2018 7 26 22 0

2018 7 26 23 0

2018 7 27 0 0

2018 7 27 1 0

2018 7 27 2 0

2018 7 27 3 0

2018 7 27 4 0

2018 7 27 5 0

2018 7 27 6 0

2018 7 27 7 0

2018 7 27 8 0

2018 7 27 9 0

2018 7 27 10 0

2018 7 27 11 0

2018 7 27 12 0

2018 7 27 13 0

2018 7 27 14 0

2018 7 27 15 0

2018 7 27 16 0

2018 7 27 17 0

2018 7 27 18 0

2018 7 27 19 0

2018 7 27 20 0

2018 7 27 21 0

2018 7 27 22 0

2018 7 27 23 0

2018 7 28 0 0

2018 7 28 1 0

2018 7 28 2 0

2018 7 28 3 0

2018 7 28 4 0

2018 7 28 5 0

2018 7 28 6 0

2018 7 28 7 0

2018 7 28 8 0

2018 7 28 9 0

2018 7 28 10 0

2018 7 28 11 0

2018 7 28 12 0

2018 7 28 13 0

2018 7 28 14 0

2018 7 28 15 0

2018 7 28 16 0

2018 7 28 17 0

2018 7 28 18 0

2018 7 28 19 0

2018 7 28 20 0

2018 7 28 21 0

2018 7 28 22 0

2018 7 28 23 0

2018 7 29 0 0

2018 7 29 1 0

2018 7 29 2 0

2018 7 29 3 0

2018 7 29 4 0

2018 7 29 5 0

2018 7 29 6 0

2018 7 29 7 0

2018 7 29 8 0

2018 7 29 9 0

2018 7 29 10 0

2018 7 29 11 0

2018 7 29 12 0

2018 7 29 13 0

2018 7 29 14 0

2018 7 29 15 0

2018 7 29 16 0

2018 7 29 17 0

2018 7 29 18 0

2018 7 29 19 0

2018 7 29 20 0

2018 7 29 21 0

2018 7 29 22 0

2018 7 29 23 0

2018 7 30 0 0

2018 7 30 1 0

2018 7 30 2 0

2018 7 30 3 0

2018 7 30 4 0

2018 7 30 5 0

2018 7 30 6 0

2018 7 30 7 0

2018 7 30 8 0

2018 7 30 9 0

2018 7 30 10 0

2018 7 30 11 0

2018 7 30 12 0

2018 7 30 13 0

2018 7 30 14 0

2018 7 30 15 0

2018 7 30 16 0

2018 7 30 17 0

2018 7 30 18 0

2018 7 30 19 0

2018 7 30 20 0

2018 7 30 21 0

2018 7 30 22 0

2018 7 30 23 0

2018 7 31 0 0

2018 7 31 1 0

2018 7 31 2 0

2018 7 31 3 0

2018 7 31 4 0

2018 7 31 5 0

2018 7 31 6 0

2018 7 31 7 0.2

2018 7 31 8 0.5

2018 7 31 9 0

2018 7 31 10 0

2018 7 31 11 0

2018 7 31 12 0

2018 7 31 13 0

2018 7 31 14 0

2018 7 31 15 0

2018 7 31 16 0

2018 7 31 17 0

2018 7 31 18 0

2018 7 31 19 0

2018 7 31 20 0

2018 7 31 21 0

2018 7 31 22 0

2018 7 31 23 0

2018 8 1 0 0

2018 8 1 1 0

2018 8 1 2 0

2018 8 1 3 0

2018 8 1 4 0

2018 8 1 5 0

2018 8 1 6 0

2018 8 1 7 0

2018 8 1 8 0

2018 8 1 9 0

2018 8 1 10 0

2018 8 1 11 0

2018 8 1 12 0

2018 8 1 13 0

2018 8 1 14 0

2018 8 1 15 0

2018 8 1 16 0

2018 8 1 17 0

2018 8 1 18 0

2018 8 1 19 0

2018 8 1 20 0.1

2018 8 1 21 3.5

2018 8 1 22 10.4

2018 8 1 23 13

2018 8 2 0 11.2

2018 8 2 1 2.7

2018 8 2 2 11.1

2018 8 2 3 7.2

2018 8 2 4 7

2018 8 2 5 11.2

2018 8 2 6 5.8

2018 8 2 7 7.8

2018 8 2 8 9.3

2018 8 2 9 7.5

2018 8 2 10 0.1

2018 8 2 11 0.4

2018 8 2 12 0

2018 8 2 13 1.6

2018 8 2 14 3.5

2018 8 2 15 0

2018 8 2 16 0.7

2018 8 2 17 3

2018 8 2 18 1.5

2018 8 2 19 1.7

2018 8 2 20 3.2

2018 8 2 21 3.5

2018 8 2 22 2.7

2018 8 2 23 3.8

2018 8 3 0 3.1

2018 8 3 1 4.2

2018 8 3 2 4.3

2018 8 3 3 4.2

2018 8 3 4 3

2018 8 3 5 2.8

2018 8 3 6 0.5

2018 8 3 7 0.8

2018 8 3 8 0.1

2018 8 3 9 0

2018 8 3 10 0

2018 8 3 11 0.3

2018 8 3 12 0.4

2018 8 3 13 1.6

2018 8 3 14 0.6

2018 8 3 15 0.5

2018 8 3 16 1.1

2018 8 3 17 2.2

2018 8 3 18 0.5

2018 8 3 19 1.2

2018 8 3 20 0.2

2018 8 3 21 1.2

2018 8 3 22 5.7

2018 8 3 23 2.4

2018 8 4 0 1.2

2018 8 4 1 0.8

2018 8 4 2 0.6

2018 8 4 3 0.4

2018 8 4 4 0

2018 8 4 5 0

2018 8 4 6 0

2018 8 4 7 0

2018 8 4 8 0

2018 8 4 9 0

2018 8 4 10 0

2018 8 4 11 0

2018 8 4 12 0

2018 8 4 13 0

2018 8 4 14 0

2018 8 4 15 0

2018 8 4 16 0

2018 8 4 17 0

2018 8 4 18 0

2018 8 4 19 0

2018 8 4 20 0

2018 8 4 21 0

2018 8 4 22 0

2018 8 4 23 0

2018 8 5 0 0

2018 8 5 1 0

2018 8 5 2 0

2018 8 5 3 0

2018 8 5 4 0

2018 8 5 5 0

2018 8 5 6 0

2018 8 5 7 0

2018 8 5 8 0

2018 8 5 9 0

2018 8 5 10 0

2018 8 5 11 0

2018 8 5 12 0

2018 8 5 13 0

2018 8 5 14 0

2018 8 5 15 0

2018 8 5 16 0

2018 8 5 17 0

2018 8 5 18 0

2018 8 5 19 0

2018 8 5 20 0

2018 8 5 21 0

2018 8 5 22 0

2018 8 5 23 0

2018 8 6 0 0

2018 8 6 1 0

2018 8 6 2 0

2018 8 6 3 0

2018 8 6 4 0

2018 8 6 5 0

2018 8 6 6 0

2018 8 6 7 0

2018 8 6 8 0

2018 8 6 9 0

2018 8 6 10 0

2018 8 6 11 0.1

2018 8 6 12 0

2018 8 6 13 0

2018 8 6 14 0

2018 8 6 15 0

2018 8 6 16 0

2018 8 6 17 0

2018 8 6 18 0

2018 8 6 19 0

2018 8 6 20 0

2018 8 6 21 0

2018 8 6 22 0

2018 8 6 23 0

2018 8 7 0 0

2018 8 7 1 0

2018 8 7 2 0

2018 8 7 3 0

2018 8 7 4 0

2018 8 7 5 0

2018 8 7 6 0

2018 8 7 7 0

2018 8 7 8 0

2018 8 7 9 0

2018 8 7 10 0

2018 8 7 11 0

2018 8 7 12 0

2018 8 7 13 0

2018 8 7 14 0

2018 8 7 15 0

2018 8 7 16 0

2018 8 7 17 0

2018 8 7 18 0.1

2018 8 7 19 0

2018 8 7 20 0

2018 8 7 21 0

2018 8 7 22 0

2018 8 7 23 0

2018 8 8 0 0

2018 8 8 1 0

2018 8 8 2 0

2018 8 8 3 0

2018 8 8 4 0

2018 8 8 5 0

2018 8 8 6 0

2018 8 8 7 0

2018 8 8 8 0

2018 8 8 9 0

2018 8 8 10 0

2018 8 8 11 0

2018 8 8 12 0

2018 8 8 13 0

2018 8 8 14 0

2018 8 8 15 0

2018 8 8 16 0

2018 8 8 17 0

2018 8 8 18 0

2018 8 8 19 0.7

2018 8 8 20 0.1

2018 8 8 21 0

2018 8 8 22 0.1

2018 8 8 23 0

2018 8 9 0 0

2018 8 9 1 0

2018 8 9 2 0

2018 8 9 3 1.2

2018 8 9 4 1.4

2018 8 9 5 0.7

2018 8 9 6 0

2018 8 9 7 0

2018 8 9 8 0

2018 8 9 9 0

2018 8 9 10 0

2018 8 9 11 0

2018 8 9 12 0

2018 8 9 13 0

2018 8 9 14 0

2018 8 9 15 0

2018 8 9 16 0.1

2018 8 9 17 0

2018 8 9 18 0

2018 8 9 19 0

2018 8 9 20 0

2018 8 9 21 0

2018 8 9 22 0

2018 8 9 23 0

2018 8 10 0 0

2018 8 10 1 0

2018 8 10 2 0

2018 8 10 3 0

2018 8 10 4 0

2018 8 10 5 0

2018 8 10 6 0

2018 8 10 7 0

2018 8 10 8 0

2018 8 10 9 0

2018 8 10 10 0

2018 8 10 11 0

2018 8 10 12 0

2018 8 10 13 0

2018 8 10 14 0

2018 8 10 15 0

2018 8 10 16 0

2018 8 10 17 0

2018 8 10 18 0

2018 8 10 19 0

2018 8 10 20 0

2018 8 10 21 0

2018 8 10 22 0

2018 8 10 23 0

2018 8 11 0 0

2018 8 11 1 0

2018 8 11 2 0

2018 8 11 3 0

2018 8 11 4 0

2018 8 11 5 0

2018 8 11 6 0

2018 8 11 7 0

2018 8 11 8 0

2018 8 11 9 0

2018 8 11 10 0

2018 8 11 11 0

2018 8 11 12 0

2018 8 11 13 0

2018 8 11 14 0

2018 8 11 15 0

2018 8 11 16 0

2018 8 11 17 0

2018 8 11 18 0.1

2018 8 11 19 0

2018 8 11 20 0

2018 8 11 21 0

2018 8 11 22 0

2018 8 11 23 2.2

2018 8 12 0 1.7

2018 8 12 1 0.7

2018 8 12 2 1.4

2018 8 12 3 0.3

2018 8 12 4 0

2018 8 12 5 0

2018 8 12 6 0.3

2018 8 12 7 0.8

2018 8 12 8 0

2018 8 12 9 0

2018 8 12 10 0

2018 8 12 11 0

2018 8 12 12 0

2018 8 12 13 0.1

2018 8 12 14 0.2

2018 8 12 15 0.3

2018 8 12 16 0

2018 8 12 17 0.2

2018 8 12 18 0.6

2018 8 12 19 0.5

2018 8 12 20 0.3

2018 8 12 21 1.9

2018 8 12 22 1.5

2018 8 12 23 0.2

2018 8 13 0 0

2018 8 13 1 0

2018 8 13 2 0

2018 8 13 3 0

2018 8 13 4 0

2018 8 13 5 0

2018 8 13 6 0

2018 8 13 7 0

2018 8 13 8 0

2018 8 13 9 0

2018 8 13 10 0

2018 8 13 11 0

2018 8 13 12 0

2018 8 13 13 0

2018 8 13 14 0

2018 8 13 15 0

2018 8 13 16 0

2018 8 13 17 0

2018 8 13 18 0

2018 8 13 19 0

2018 8 13 20 0

2018 8 13 21 0

2018 8 13 22 0

2018 8 13 23 0

2018 8 14 0 0

2018 8 14 1 0

2018 8 14 2 0

2018 8 14 3 0

2018 8 14 4 0

2018 8 14 5 0

2018 8 14 6 0

2018 8 14 7 0.1

2018 8 14 8 0

2018 8 14 9 0

2018 8 14 10 0.3

2018 8 14 11 0.1

2018 8 14 12 0

2018 8 14 13 0

2018 8 14 14 0

2018 8 14 15 0

2018 8 14 16 0

2018 8 14 17 0

2018 8 14 18 0

2018 8 14 19 0

2018 8 14 20 0

2018 8 14 21 0

2018 8 14 22 1

2018 8 14 23 0

2018 8 15 0 0

2018 8 15 1 0

2018 8 15 2 0

2018 8 15 3 0

2018 8 15 4 0

2018 8 15 5 0

2018 8 15 6 0

2018 8 15 7 0

2018 8 15 8 0

2018 8 15 9 0

2018 8 15 10 0

2018 8 15 11 0

2018 8 15 12 0

2018 8 15 13 0

2018 8 15 14 0

2018 8 15 15 0.5

2018 8 15 16 1.5

2018 8 15 17 0.2

2018 8 15 18 0

2018 8 15 19 0

2018 8 15 20 0

2018 8 15 21 0

2018 8 15 22 0

2018 8 15 23 0

2018 8 16 0 0

2018 8 16 1 0

2018 8 16 2 0

2018 8 16 3 0

2018 8 16 4 0

2018 8 16 5 0

2018 8 16 6 0

2018 8 16 7 0

2018 8 16 8 0

2018 8 16 9 0

2018 8 16 10 0

2018 8 16 11 0

2018 8 16 12 0

2018 8 16 13 0

2018 8 16 14 0

2018 8 16 15 0

2018 8 16 16 0

2018 8 16 17 0

2018 8 16 18 0

2018 8 16 19 0

2018 8 16 20 0

2018 8 16 21 0.2

2018 8 16 22 0

2018 8 16 23 0

2018 8 17 0 0

2018 8 17 1 0

2018 8 17 2 0

2018 8 17 3 0

2018 8 17 4 0

2018 8 17 5 0

2018 8 17 6 0

2018 8 17 7 0

2018 8 17 8 0

2018 8 17 9 0

2018 8 17 10 0

2018 8 17 11 0

2018 8 17 12 0

2018 8 17 13 0

2018 8 17 14 0

2018 8 17 15 0

2018 8 17 16 0

2018 8 17 17 0

2018 8 17 18 0.1

2018 8 17 19 0.2

2018 8 17 20 0

2018 8 17 21 0

2018 8 17 22 0.1

2018 8 17 23 1.2

2018 8 18 0 3.8

2018 8 18 1 1.6

2018 8 18 2 1.4

2018 8 18 3 0.8

2018 8 18 4 0.6

2018 8 18 5 1

2018 8 18 6 0.1

2018 8 18 7 0

2018 8 18 8 0

2018 8 18 9 0

2018 8 18 10 0

2018 8 18 11 0

2018 8 18 12 0

2018 8 18 13 0

2018 8 18 14 0

2018 8 18 15 0

2018 8 18 16 0

2018 8 18 17 0

2018 8 18 18 0

2018 8 18 19 0

2018 8 18 20 0

2018 8 18 21 0

2018 8 18 22 0

2018 8 18 23 0

2018 8 19 0 0

2018 8 19 1 0

2018 8 19 2 0

2018 8 19 3 0

2018 8 19 4 0

2018 8 19 5 0

2018 8 19 6 0

2018 8 19 7 0

2018 8 19 8 0

2018 8 19 9 0

2018 8 19 10 0

2018 8 19 11 0

2018 8 19 12 0

2018 8 19 13 0

2018 8 19 14 0

2018 8 19 15 0

2018 8 19 16 0

2018 8 19 17 0

2018 8 19 18 0

2018 8 19 19 0

2018 8 19 20 0

2018 8 19 21 0

2018 8 19 22 0

2018 8 19 23 0

2018 8 20 0 0

2018 8 20 1 0

2018 8 20 2 0

2018 8 20 3 0

2018 8 20 4 0

2018 8 20 5 0

2018 8 20 6 0

2018 8 20 7 0

2018 8 20 8 0

2018 8 20 9 0.3

2018 8 20 10 1

2018 8 20 11 1.3

2018 8 20 12 0.6

2018 8 20 13 2.9

2018 8 20 14 4.4

2018 8 20 15 3.8

2018 8 20 16 1.7

2018 8 20 17 0.2

2018 8 20 18 0.3

2018 8 20 19 0.7

2018 8 20 20 1.9

2018 8 20 21 1.5

2018 8 20 22 1.2

2018 8 20 23 0.5

2018 8 21 0 0

2018 8 21 1 0.2

2018 8 21 2 0

2018 8 21 3 0

2018 8 21 4 0

2018 8 21 5 0

2018 8 21 6 0

2018 8 21 7 0

2018 8 21 8 0

2018 8 21 9 0.1

2018 8 21 10 0

2018 8 21 11 0

2018 8 21 12 0

2018 8 21 13 0

2018 8 21 14 0

2018 8 21 15 0

2018 8 21 16 0

2018 8 21 17 0

2018 8 21 18 0

2018 8 21 19 0

2018 8 21 20 0

2018 8 21 21 0

2018 8 21 22 0

2018 8 21 23 0

2018 8 22 0 0

2018 8 22 1 0

2018 8 22 2 0

2018 8 22 3 0

2018 8 22 4 0

2018 8 22 5 0

2018 8 22 6 0

2018 8 22 7 0

2018 8 22 8 0

2018 8 22 9 0

2018 8 22 10 0

2018 8 22 11 0

2018 8 22 12 0

2018 8 22 13 0

2018 8 22 14 0

2018 8 22 15 0

2018 8 22 16 0

2018 8 22 17 0

2018 8 22 18 0

2018 8 22 19 0

2018 8 22 20 0

2018 8 22 21 0

2018 8 22 22 0

2018 8 22 23 0

2018 8 23 0 0

2018 8 23 1 0

2018 8 23 2 0

2018 8 23 3 0

2018 8 23 4 0

2018 8 23 5 0

2018 8 23 6 0

2018 8 23 7 0

2018 8 23 8 0

2018 8 23 9 0

2018 8 23 10 0

2018 8 23 11 0

2018 8 23 12 0

2018 8 23 13 0

2018 8 23 14 0

2018 8 23 15 0

2018 8 23 16 0

2018 8 23 17 0

2018 8 23 18 0

2018 8 23 19 0

2018 8 23 20 0

2018 8 23 21 0

2018 8 23 22 0

2018 8 23 23 0

2018 8 24 0 0

2018 8 24 1 0

2018 8 24 2 0

2018 8 24 3 0

2018 8 24 4 0

2018 8 24 5 0

2018 8 24 6 0

2018 8 24 7 0

2018 8 24 8 0.1

2018 8 24 9 0

2018 8 24 10 0.1

2018 8 24 11 0

2018 8 24 12 0

2018 8 24 13 0.3

2018 8 24 14 8.4

2018 8 24 15 6

2018 8 24 16 12.5

2018 8 24 17 11

2018 8 24 18 10.3

2018 8 24 19 6.5

2018 8 24 20 1.8

2018 8 24 21 0.7

2018 8 24 22 0.2

2018 8 24 23 0.8

2018 8 25 0 2.1

2018 8 25 1 1

2018 8 25 2 0

2018 8 25 3 0

2018 8 25 4 0

2018 8 25 5 0

2018 8 25 6 0

2018 8 25 7 0

2018 8 25 8 0

2018 8 25 9 0

2018 8 25 10 0

2018 8 25 11 0

2018 8 25 12 0

2018 8 25 13 0

2018 8 25 14 0

2018 8 25 15 0

2018 8 25 16 0

2018 8 25 17 0

2018 8 25 18 0

2018 8 25 19 0

2018 8 25 20 0

2018 8 25 21 0

2018 8 25 22 0

2018 8 25 23 0

2018 8 26 0 0

2018 8 26 1 0

2018 8 26 2 0

2018 8 26 3 0

2018 8 26 4 0

2018 8 26 5 0

2018 8 26 6 0

2018 8 26 7 0

2018 8 26 8 0

2018 8 26 9 0

2018 8 26 10 0

2018 8 26 11 0

2018 8 26 12 0

2018 8 26 13 0

2018 8 26 14 0.2

2018 8 26 15 4.5

2018 8 26 16 3.1

2018 8 26 17 4.1

2018 8 26 18 5.1

2018 8 26 19 0.3

2018 8 26 20 0.6

2018 8 26 21 0.7

2018 8 26 22 0.3

2018 8 26 23 0

2018 8 27 0 0

2018 8 27 1 0

2018 8 27 2 0

2018 8 27 3 0

2018 8 27 4 0

2018 8 27 5 0

2018 8 27 6 0

2018 8 27 7 0

2018 8 27 8 0

2018 8 27 9 0

2018 8 27 10 0

2018 8 27 11 0

2018 8 27 12 0

2018 8 27 13 0

2018 8 27 14 0

2018 8 27 15 0

2018 8 27 16 0

2018 8 27 17 0

2018 8 27 18 0

2018 8 27 19 0

2018 8 27 20 0

2018 8 27 21 0

2018 8 27 22 0

2018 8 27 23 0

2018 8 28 0 0

2018 8 28 1 0

2018 8 28 2 0

2018 8 28 3 0

2018 8 28 4 0

2018 8 28 5 0

2018 8 28 6 0

2018 8 28 7 0.1

2018 8 28 8 0

2018 8 28 9 0

2018 8 28 10 0

2018 8 28 11 0.1

2018 8 28 12 0

2018 8 28 13 0

2018 8 28 14 0

2018 8 28 15 0

2018 8 28 16 0

2018 8 28 17 0

2018 8 28 18 0

2018 8 28 19 0

2018 8 28 20 0

2018 8 28 21 0

2018 8 28 22 0

2018 8 28 23 0

2018 8 29 0 0

2018 8 29 1 0

2018 8 29 2 0

2018 8 29 3 0

2018 8 29 4 0

2018 8 29 5 0

2018 8 29 6 0

2018 8 29 7 0

2018 8 29 8 0

2018 8 29 9 0

2018 8 29 10 0

2018 8 29 11 0

2018 8 29 12 0

2018 8 29 13 0

2018 8 29 14 0

2018 8 29 15 0.2

2018 8 29 16 0.2

2018 8 29 17 0

2018 8 29 18 0

2018 8 29 19 0

2018 8 29 20 0

2018 8 29 21 0

2018 8 29 22 0

2018 8 29 23 0

2018 8 30 0 0

2018 8 30 1 0

2018 8 30 2 0

2018 8 30 3 0

2018 8 30 4 0

2018 8 30 5 0

2018 8 30 6 0

2018 8 30 7 0.1

2018 8 30 8 0

2018 8 30 9 0.2

2018 8 30 10 0

2018 8 30 11 0.4

2018 8 30 12 0.4

2018 8 30 13 0.2

2018 8 30 14 0.4

2018 8 30 15 0.5

2018 8 30 16 0.2

2018 8 30 17 0.2

2018 8 30 18 2.2

2018 8 30 19 0.2

2018 8 30 20 0.1

2018 8 30 21 0.1

2018 8 30 22 0.1

2018 8 30 23 0.1

2018 8 31 0 0

2018 8 31 1 0

2018 8 31 2 0

2018 8 31 3 0

2018 8 31 4 0

2018 8 31 5 0

2018 8 31 6 0

2018 8 31 7 0

2018 8 31 8 1.5

2018 8 31 9 0.8

2018 8 31 10 0.3

2018 8 31 11 0.2

2018 8 31 12 0.3

2018 8 31 13 0

2018 8 31 14 0.3

2018 8 31 15 0.6

2018 8 31 16 0.3

2018 8 31 17 0.1

2018 8 31 18 0.1

2018 8 31 19 0.1

2018 8 31 20 0.3

2018 8 31 21 0

2018 8 31 22 0

2018 8 31 23 0

2018 9 1 0 0

2018 9 1 1 0.2

2018 9 1 2 0.3

2018 9 1 3 0

2018 9 1 4 0

2018 9 1 5 0.1

2018 9 1 6 0.1

2018 9 1 7 0.1

2018 9 1 8 0

2018 9 1 9 0.1

2018 9 1 10 0.2

2018 9 1 11 0

2018 9 1 12 0

2018 9 1 13 0

2018 9 1 14 0

2018 9 1 15 0

2018 9 1 16 0

2018 9 1 17 0

2018 9 1 18 0

2018 9 1 19 0

2018 9 1 20 0

2018 9 1 21 0

2018 9 1 22 0

2018 9 1 23 0

2018 9 2 0 0

2018 9 2 1 0.1

2018 9 2 2 0.1

2018 9 2 3 0

2018 9 2 4 0

2018 9 2 5 0

2018 9 2 6 0

2018 9 2 7 0

2018 9 2 8 0

2018 9 2 9 0

2018 9 2 10 0

2018 9 2 11 0

2018 9 2 12 0

2018 9 2 13 0

2018 9 2 14 0

2018 9 2 15 0

2018 9 2 16 0

2018 9 2 17 0

2018 9 2 18 0

2018 9 2 19 0

2018 9 2 20 0

2018 9 2 21 0

2018 9 2 22 0

2018 9 2 23 0

2018 9 3 0 0

2018 9 3 1 0

2018 9 3 2 0

2018 9 3 3 0

2018 9 3 4 0

2018 9 3 5 0

2018 9 3 6 0

2018 9 3 7 0

2018 9 3 8 0

2018 9 3 9 0

2018 9 3 10 0

2018 9 3 11 0

2018 9 3 12 0.1

2018 9 3 13 0

2018 9 3 14 0

2018 9 3 15 0

2018 9 3 16 0

2018 9 3 17 0

2018 9 3 18 0

2018 9 3 19 0

2018 9 3 20 0

2018 9 3 21 0

2018 9 3 22 0

2018 9 3 23 0.3

2018 9 4 0 0

2018 9 4 1 0

2018 9 4 2 0

2018 9 4 3 0.2

2018 9 4 4 0

2018 9 4 5 0

2018 9 4 6 0

2018 9 4 7 0

2018 9 4 8 0

2018 9 4 9 0.1

2018 9 4 10 0.9

2018 9 4 11 0.6

2018 9 4 12 0.3

2018 9 4 13 0.3

2018 9 4 14 0

2018 9 4 15 0.1

2018 9 4 16 0.3

2018 9 4 17 0.1

2018 9 4 18 0.1

2018 9 4 19 0.1

2018 9 4 20 0

2018 9 4 21 0

2018 9 4 22 0

2018 9 4 23 0

2018 9 5 0 0.1

2018 9 5 1 0.1

2018 9 5 2 0

2018 9 5 3 0

2018 9 5 4 0

2018 9 5 5 0.2

2018 9 5 6 0.2

2018 9 5 7 0

2018 9 5 8 0

2018 9 5 9 0

2018 9 5 10 0

2018 9 5 11 0

2018 9 5 12 0.1

2018 9 5 13 0

2018 9 5 14 0

2018 9 5 15 0

2018 9 5 16 0

2018 9 5 17 0

2018 9 5 18 0

2018 9 5 19 0

2018 9 5 20 0

2018 9 5 21 0

2018 9 5 22 0

2018 9 5 23 0

2018 9 6 0 0

2018 9 6 1 0

2018 9 6 2 0

2018 9 6 3 0

2018 9 6 4 0

2018 9 6 5 0

2018 9 6 6 0

2018 9 6 7 0

2018 9 6 8 0

2018 9 6 9 0

2018 9 6 10 0

2018 9 6 11 0

2018 9 6 12 0

2018 9 6 13 0

2018 9 6 14 0

2018 9 6 15 0

2018 9 6 16 0

2018 9 6 17 0

2018 9 6 18 0

2018 9 6 19 0

2018 9 6 20 0

2018 9 6 21 0

2018 9 6 22 0

2018 9 6 23 0

2018 9 7 0 0

2018 9 7 1 0

2018 9 7 2 0

2018 9 7 3 0

2018 9 7 4 0

2018 9 7 5 0

2018 9 7 6 0

2018 9 7 7 0

2018 9 7 8 0

2018 9 7 9 0

2018 9 7 10 0

2018 9 7 11 0

2018 9 7 12 0

2018 9 7 13 0

2018 9 7 14 0

2018 9 7 15 0

2018 9 7 16 0

2018 9 7 17 0

2018 9 7 18 0

2018 9 7 19 0

2018 9 7 20 0

2018 9 7 21 0

2018 9 7 22 0

2018 9 7 23 0

2018 9 8 0 0

2018 9 8 1 0

2018 9 8 2 0

2018 9 8 3 0

2018 9 8 4 0

2018 9 8 5 0

2018 9 8 6 0

2018 9 8 7 0

2018 9 8 8 0

2018 9 8 9 0

2018 9 8 10 0

2018 9 8 11 0

2018 9 8 12 0

2018 9 8 13 0

2018 9 8 14 0

2018 9 8 15 0

2018 9 8 16 0

2018 9 8 17 0

2018 9 8 18 0

2018 9 8 19 0

2018 9 8 20 0

2018 9 8 21 0

2018 9 8 22 0

2018 9 8 23 2.1

2018 9 9 0 1.9

2018 9 9 1 4.3

2018 9 9 2 1.9

2018 9 9 3 0.3

2018 9 9 4 0.2

2018 9 9 5 0.4

2018 9 9 6 0

2018 9 9 7 0

2018 9 9 8 0

2018 9 9 9 0

2018 9 9 10 0

2018 9 9 11 0

2018 9 9 12 0

2018 9 9 13 0

2018 9 9 14 0

2018 9 9 15 0

2018 9 9 16 0

2018 9 9 17 0

2018 9 9 18 0

2018 9 9 19 0

2018 9 9 20 0

2018 9 9 21 0

2018 9 9 22 0

2018 9 9 23 0

2018 9 10 0 0

2018 9 10 1 0

2018 9 10 2 0

2018 9 10 3 0

2018 9 10 4 0

2018 9 10 5 0

2018 9 10 6 0

2018 9 10 7 0

2018 9 10 8 0

2018 9 10 9 0

2018 9 10 10 0.5

2018 9 10 11 0

2018 9 10 12 0

2018 9 10 13 0

2018 9 10 14 0

2018 9 10 15 0

2018 9 10 16 0

2018 9 10 17 0

2018 9 10 18 0

2018 9 10 19 0

2018 9 10 20 0

2018 9 10 21 0

2018 9 10 22 0

2018 9 10 23 0

2018 9 11 0 0

2018 9 11 1 0

2018 9 11 2 0

2018 9 11 3 0

2018 9 11 4 0

2018 9 11 5 0

2018 9 11 6 0

2018 9 11 7 0

2018 9 11 8 0

2018 9 11 9 0

2018 9 11 10 0

2018 9 11 11 0

2018 9 11 12 0

2018 9 11 13 0

2018 9 11 14 0

2018 9 11 15 0

2018 9 11 16 0

2018 9 11 17 0

2018 9 11 18 0

2018 9 11 19 0

2018 9 11 20 0

2018 9 11 21 0

2018 9 11 22 0

2018 9 11 23 0

2018 9 12 0 0

2018 9 12 1 0

2018 9 12 2 0

2018 9 12 3 0

2018 9 12 4 0

2018 9 12 5 0

2018 9 12 6 0

2018 9 12 7 0

2018 9 12 8 0

2018 9 12 9 0

2018 9 12 10 0

2018 9 12 11 0

2018 9 12 12 0

2018 9 12 13 0.3

2018 9 12 14 0

2018 9 12 15 0

2018 9 12 16 0

2018 9 12 17 0.3

2018 9 12 18 0.1

2018 9 12 19 0

2018 9 12 20 0

2018 9 12 21 0

2018 9 12 22 0.3

2018 9 12 23 2.2

2018 9 13 0 0.6

2018 9 13 1 0.5

2018 9 13 2 1.1

2018 9 13 3 1

2018 9 13 4 0.8

2018 9 13 5 0.4

2018 9 13 6 0

2018 9 13 7 0

2018 9 13 8 0

2018 9 13 9 0

2018 9 13 10 0

2018 9 13 11 0

2018 9 13 12 0

2018 9 13 13 0

2018 9 13 14 0

2018 9 13 15 0

2018 9 13 16 0

2018 9 13 17 0

2018 9 13 18 0

2018 9 13 19 0

2018 9 13 20 0

2018 9 13 21 0

2018 9 13 22 0

2018 9 13 23 0

2018 9 14 0 0

2018 9 14 1 0

2018 9 14 2 0

2018 9 14 3 0

2018 9 14 4 0

2018 9 14 5 0

2018 9 14 6 0

2018 9 14 7 0

2018 9 14 8 0

2018 9 14 9 0.5

2018 9 14 10 0.7

2018 9 14 11 1.1

2018 9 14 12 0.6

2018 9 14 13 0.4

2018 9 14 14 0.3

2018 9 14 15 0.3

2018 9 14 16 0.3

2018 9 14 17 0

2018 9 14 18 0.1

2018 9 14 19 0

2018 9 14 20 0.1

2018 9 14 21 0

2018 9 14 22 0.1

2018 9 14 23 0

2018 9 15 0 0

2018 9 15 1 0

2018 9 15 2 0

2018 9 15 3 0

2018 9 15 4 0.1

2018 9 15 5 0

2018 9 15 6 0

2018 9 15 7 0

2018 9 15 8 0

2018 9 15 9 0

2018 9 15 10 0

2018 9 15 11 0

2018 9 15 12 0

2018 9 15 13 0

2018 9 15 14 0

2018 9 15 15 0

2018 9 15 16 0

2018 9 15 17 0

2018 9 15 18 0

2018 9 15 19 0

2018 9 15 20 0

2018 9 15 21 0

2018 9 15 22 0

2018 9 15 23 0

2018 9 16 0 0

2018 9 16 1 0

2018 9 16 2 0

2018 9 16 3 0

2018 9 16 4 0

2018 9 16 5 0

2018 9 16 6 0

2018 9 16 7 0

2018 9 16 8 0

2018 9 16 9 0

2018 9 16 10 0

2018 9 16 11 0

2018 9 16 12 0

2018 9 16 13 0

2018 9 16 14 0

2018 9 16 15 0

2018 9 16 16 0.3

2018 9 16 17 1.4

2018 9 16 18 0.2

2018 9 16 19 0.1

2018 9 16 20 0.1

2018 9 16 21 0.1

2018 9 16 22 0

2018 9 16 23 0.1

2018 9 17 0 0

2018 9 17 1 0

2018 9 17 2 0

2018 9 17 3 0

2018 9 17 4 0

2018 9 17 5 0

2018 9 17 6 0

2018 9 17 7 0

2018 9 17 8 0

2018 9 17 9 0

2018 9 17 10 0

2018 9 17 11 0

2018 9 17 12 0

2018 9 17 13 0.3

2018 9 17 14 3.5

2018 9 17 15 2.9

2018 9 17 16 2.7

2018 9 17 17 1.2

2018 9 17 18 0

2018 9 17 19 0.2

2018 9 17 20 0

2018 9 17 21 0

2018 9 17 22 0

2018 9 17 23 0

2018 9 18 0 0

2018 9 18 1 0

2018 9 18 2 0

2018 9 18 3 0

2018 9 18 4 0

2018 9 18 5 0

2018 9 18 6 0

2018 9 18 7 0

2018 9 18 8 0

2018 9 18 9 0

2018 9 18 10 0

2018 9 18 11 0

2018 9 18 12 0

2018 9 18 13 0

2018 9 18 14 0

2018 9 18 15 0.2

2018 9 18 16 0.3

2018 9 18 17 0.1

2018 9 18 18 0

2018 9 18 19 0

2018 9 18 20 0.1

2018 9 18 21 0.2

2018 9 18 22 0.3

2018 9 18 23 0.2

2018 9 19 0 0.2

2018 9 19 1 0

2018 9 19 2 0.1

2018 9 19 3 0

2018 9 19 4 0

2018 9 19 5 0

2018 9 19 6 0

2018 9 19 7 0

2018 9 19 8 0

2018 9 19 9 0

2018 9 19 10 0

2018 9 19 11 0

2018 9 19 12 0

2018 9 19 13 0

2018 9 19 14 0

2018 9 19 15 0

2018 9 19 16 0

2018 9 19 17 0

2018 9 19 18 0

2018 9 19 19 0

2018 9 19 20 0

2018 9 19 21 0

2018 9 19 22 0

2018 9 19 23 0

2018 9 20 0 0

2018 9 20 1 0

2018 9 20 2 0

2018 9 20 3 0

2018 9 20 4 0

2018 9 20 5 0

2018 9 20 6 0

2018 9 20 7 0

2018 9 20 8 0

2018 9 20 9 0

2018 9 20 10 0

2018 9 20 11 0

2018 9 20 12 0

2018 9 20 13 0

2018 9 20 14 0

2018 9 20 15 0

2018 9 20 16 0

2018 9 20 17 0

2018 9 20 18 0

2018 9 20 19 0

2018 9 20 20 0

2018 9 20 21 0

2018 9 20 22 0

2018 9 20 23 0

2018 9 21 0 0

2018 9 21 1 0

2018 9 21 2 0

2018 9 21 3 0

2018 9 21 4 0

2018 9 21 5 0

2018 9 21 6 0

2018 9 21 7 0

2018 9 21 8 0

2018 9 21 9 0

2018 9 21 10 0

2018 9 21 11 0

2018 9 21 12 0

2018 9 21 13 0

2018 9 21 14 0

2018 9 21 15 0

2018 9 21 16 0

2018 9 21 17 0

2018 9 21 18 0

2018 9 21 19 0

2018 9 21 20 0

2018 9 21 21 0

2018 9 21 22 0

2018 9 21 23 0

2018 9 22 0 0

2018 9 22 1 0

2018 9 22 2 0

2018 9 22 3 0

2018 9 22 4 0

2018 9 22 5 0

2018 9 22 6 0

2018 9 22 7 0

2018 9 22 8 0

2018 9 22 9 0

2018 9 22 10 0

2018 9 22 11 0

2018 9 22 12 0

2018 9 22 13 0

2018 9 22 14 0

2018 9 22 15 0

2018 9 22 16 0

2018 9 22 17 0

2018 9 22 18 0

2018 9 22 19 0

2018 9 22 20 0

2018 9 22 21 0

2018 9 22 22 0

2018 9 22 23 0

2018 9 23 0 0

2018 9 23 1 0

2018 9 23 2 0

2018 9 23 3 0

2018 9 23 4 0

2018 9 23 5 0

2018 9 23 6 0

2018 9 23 7 0

2018 9 23 8 0

2018 9 23 9 0

2018 9 23 10 0

2018 9 23 11 0

2018 9 23 12 0

2018 9 23 13 0

2018 9 23 14 0

2018 9 23 15 0

2018 9 23 16 0

2018 9 23 17 0

2018 9 23 18 0

2018 9 23 19 0

2018 9 23 20 0

2018 9 23 21 0

2018 9 23 22 0

2018 9 23 23 0

2018 9 24 0 0

2018 9 24 1 0

2018 9 24 2 0

2018 9 24 3 0

2018 9 24 4 0

2018 9 24 5 0

2018 9 24 6 0

2018 9 24 7 0

2018 9 24 8 0

2018 9 24 9 0

2018 9 24 10 0

2018 9 24 11 0

2018 9 24 12 0

2018 9 24 13 0

2018 9 24 14 0.1

2018 9 24 15 0

2018 9 24 16 0

2018 9 24 17 0.4

2018 9 24 18 0

2018 9 24 19 0

2018 9 24 20 0

2018 9 24 21 0

2018 9 24 22 0

2018 9 24 23 0

2018 9 25 0 0

2018 9 25 1 0

2018 9 25 2 0

2018 9 25 3 0

2018 9 25 4 0

2018 9 25 5 0

2018 9 25 6 0

2018 9 25 7 0

2018 9 25 8 0

2018 9 25 9 0

2018 9 25 10 0

2018 9 25 11 0

2018 9 25 12 0

2018 9 25 13 0.3

2018 9 25 14 3.4

2018 9 25 15 2.5

2018 9 25 16 0.9

2018 9 25 17 0.3

2018 9 25 18 0

2018 9 25 19 0.1

2018 9 25 20 0

2018 9 25 21 0

2018 9 25 22 0

2018 9 25 23 0

2018 9 26 0 0

2018 9 26 1 0

2018 9 26 2 0

2018 9 26 3 0

2018 9 26 4 0

2018 9 26 5 0

2018 9 26 6 0

2018 9 26 7 0

2018 9 26 8 0

2018 9 26 9 0

2018 9 26 10 0

2018 9 26 11 0

2018 9 26 12 0

2018 9 26 13 0

2018 9 26 14 0

2018 9 26 15 0

2018 9 26 16 0

2018 9 26 17 0

2018 9 26 18 0

2018 9 26 19 0

2018 9 26 20 0

2018 9 26 21 0

2018 9 26 22 0

2018 9 26 23 0

2018 9 27 0 0

2018 9 27 1 0


